1.00000e+09 4.77805e-04 1.05205e-03 1.80093e-03 3.77046e-03 4.34493e-03 5.59529e-03 2.91677e-03
1.63789e+09 4.73215e-04 9.87925e-04 1.51395e-03 3.02984e-03 3.64515e-03 4.39292e-03 2.38134e-03
2.68270e+09 4.56596e-04 8.91410e-04 1.26959e-03 2.65145e-03 3.05346e-03 3.44529e-03 1.87957e-03
4.39397e+09 4.27272e-04 7.41082e-04 1.06040e-03 2.31275e-03 2.55322e-03 2.69669e-03 1.62685e-03
7.19686e+09 3.97688e-04 5.95121e-04 8.55026e-04 2.00656e-03 2.14037e-03 2.22327e-03 1.37894e-03
1.17877e+10 3.65141e-04 4.71354e-04 5.94477e-04 1.69619e-03 1.77239e-03 2.00177e-03 1.12597e-03
1.93070e+10 3.26433e-04 3.55640e-04 4.30927e-04 1.40168e-03 1.49954e-03 1.76589e-03 9.08367e-04
3.16228e+10 2.53064e-04 2.71045e-04 3.06327e-04 1.13430e-03 1.22279e-03 1.48777e-03 7.42820e-04
5.17947e+10 1.73385e-04 1.74853e-04 2.25118e-04 8.86984e-04 9.52344e-04 1.16832e-03 5.74524e-04
8.48343e+10 1.04288e-04 1.09690e-04 1.55932e-04 6.55706e-04 7.12802e-04 8.17659e-04 3.98385e-04
1.38950e+11 5.57243e-05 5.98893e-05 8.57232e-05 4.42128e-04 4.83559e-04 5.06747e-04 2.43739e-04
2.27585e+11 2.29472e-05 2.66783e-05 4.13646e-05 2.23225e-04 2.76841e-04 3.26748e-04 1.08278e-04
3.72759e+11 5.79837e-06 6.96326e-06 1.25792e-05 9.76879e-05 1.30357e-04 1.71773e-04 4.08787e-05
6.10540e+11 4.90687e-07 5.93903e-07 1.68313e-06 2.79966e-05 4.35177e-05 6.41435e-05 9.43911e-06
1.00000e+12 4.97628e-09 9.47345e-09 1.03985e-07 4.30067e-06 8.21235e-06 1.36414e-05 1.39060e-06
