1.00000e+09 2.72784e-03 3.12528e-03 3.60119e-03 5.88295e-03 6.42891e-03 7.06217e-03 4.78013e-03
1.63789e+09 2.66275e-03 2.78114e-03 3.22697e-03 5.28790e-03 5.50619e-03 5.93243e-03 4.17255e-03
2.68270e+09 2.46587e-03 2.58782e-03 2.87409e-03 4.58175e-03 4.80067e-03 4.98177e-03 3.53024e-03
4.39397e+09 2.17857e-03 2.49682e-03 2.63025e-03 4.06094e-03 4.18183e-03 4.29177e-03 3.06332e-03
7.19686e+09 1.89428e-03 2.18615e-03 2.37261e-03 3.45610e-03 3.65100e-03 3.83022e-03 2.69192e-03
1.17877e+10 1.62196e-03 1.80502e-03 1.98090e-03 2.97304e-03 3.21960e-03 3.38692e-03 2.40791e-03
1.93070e+10 1.36267e-03 1.42480e-03 1.64031e-03 2.51753e-03 2.79752e-03 2.94112e-03 2.06948e-03
3.16228e+10 1.09572e-03 1.11537e-03 1.32336e-03 2.09491e-03 2.37264e-03 2.47930e-03 1.77874e-03
5.17947e+10 8.07010e-04 8.74346e-04 1.03476e-03 1.69400e-03 1.93412e-03 1.99085e-03 1.37425e-03
8.48343e+10 5.54084e-04 6.38925e-04 7.68744e-04 1.29210e-03 1.47641e-03 1.47771e-03 1.00789e-03
1.38950e+11 3.39012e-04 4.16022e-04 4.80812e-04 8.69654e-04 9.62027e-04 1.01615e-03 6.61409e-04
2.27585e+11 1.57343e-04 1.64916e-04 2.70334e-04 4.76540e-04 5.97957e-04 6.05548e-04 3.51921e-04
3.72759e+11 2.92455e-05 5.75171e-05 1.04622e-04 1.92162e-04 2.70055e-04 3.16217e-04 1.41641e-04
6.10540e+11 2.48224e-06 1.22809e-05 2.38279e-05 5.13978e-05 7.93777e-05 1.19923e-04 3.54624e-05
1.00000e+12 1.27134e-07 1.16775e-06 2.19309e-06 9.10119e-06 1.22773e-05 2.71632e-05 3.60901e-06
