1000000.0
1343399.3325988988
1804721.7668271703
2424462.017082331
3257020.655659783
4375479.37507418
5878016.072274912
7896522.868499733
10608183.551394483
14251026.703029962
19144819.761699576
25719138.09059347
34551072.94592218
46415888.33612773
62355073.41273912
83767764.00682925
112533558.26007645
151177507.061566
203091762.09047306
272833337.64867693
366524123.7079626
492388263.17067313
661474064.1230159
888623816.2743407
1193776641.7144358
1603718743.7513278
2154434690.031878
2894266124.7167516
3888155180.3080854
5223345074.266832
7017038286.703836
9426684551.178854
12663801734.674023
17012542798.525856
22854638641.34984
30702906297.5785
41246263829.01348
55410203300.0948
74438030132.51697
100000000000.0
