-14.237006 -14.378580 -14.532680 -14.687868 -14.838462 -14.983875 -15.126235 -15.267734 -15.409533 -15.552005 -15.695163 -15.838880 -15.983003 -16.127399 -16.271972
-15.177677 -15.016564 -14.890462 -14.825389 -14.829306 -14.897111 -15.014196 -15.161109 -15.319519 -15.476630 -15.626965 -15.771252 -15.912659 -16.053668 -16.195350
-14.364387 -14.429623 -14.538271 -14.675353 -14.826148 -14.979812 -15.130461 -15.276639 -15.419717 -15.561621 -15.703553 -15.845986 -15.989028 -16.132620 -16.276640
-13.833099 -13.990566 -14.144581 -14.292282 -14.435356 -14.576620 -14.717940 -14.860016 -15.002908 -15.146456 -15.290472 -15.434800 -15.579330 -15.723985 -15.868719
-14.087160 -14.243370 -14.392685 -14.536290 -14.677430 -14.818434 -14.960224 -15.102920 -15.246353 -15.390305 -15.534598 -15.679108 -15.823753 -15.968480 -16.113258
-14.710525 -14.682898 -14.718492 -14.808903 -14.939076 -15.091012 -15.249003 -15.403411 -15.551312 -15.694422 -15.835665 -15.976951 -16.118979 -16.261815 -16.405315
-14.099893 -14.257050 -14.413172 -14.563091 -14.707380 -14.848922 -14.990052 -15.131821 -15.274439 -15.417781 -15.561653 -15.705886 -15.850355 -15.994972 -16.139682
-15.210364 -15.084567 -15.016636 -15.014265 -15.073328 -15.181311 -15.320904 -15.474909 -15.630652 -15.781785 -15.927503 -16.069943 -16.211410 -16.353161 -16.495579
-14.499937 -14.441119 -14.432985 -14.474710 -14.560964 -14.682365 -14.826560 -14.980769 -15.135091 -15.284694 -15.429468 -15.571573 -15.713046 -15.854948 -15.997589
-14.241226 -14.340174 -14.471280 -14.620511 -14.775429 -14.928045 -15.075602 -15.219144 -15.360913 -15.502540 -15.644729 -15.787623 -15.931136 -16.075113 -16.219412
-14.089191 -14.242910 -14.392758 -14.538090 -14.680659 -14.822368 -14.964313 -15.106886 -15.250113 -15.393875 -15.538026 -15.682440 -15.827023 -15.971712 -16.116467
-14.552504 -14.538056 -14.574849 -14.656839 -14.774066 -14.914158 -15.064934 -15.217240 -15.366404 -15.511712 -15.654544 -15.796526 -15.938650 -16.081296 -16.224516
-14.337785 -14.463805 -14.613375 -14.771340 -14.926839 -15.075713 -15.219249 -15.360490 -15.501617 -15.643508 -15.786271 -15.929739 -16.073706 -16.218004 -16.362515
-13.796774 -13.948050 -14.100590 -14.249713 -14.394883 -14.537635 -14.679607 -14.821742 -14.964396 -15.107622 -15.251347 -15.395456 -15.539835 -15.684395 -15.829069
-14.379518 -14.534171 -14.681758 -14.824406 -14.965320 -15.106469 -15.248508 -15.391432 -15.535034 -15.679102 -15.823470 -15.968027 -16.112700 -16.257444 -16.402233
-14.063883 -14.205811 -14.347242 -14.489161 -14.631817 -14.775140 -14.918975 -15.063173 -15.207614 -15.352212 -15.496910 -15.641669 -15.786467 -15.931287 -16.076122
-13.789526 -13.835337 -13.933789 -14.069823 -14.225399 -14.384794 -14.538810 -14.685577 -14.827758 -14.968564 -15.109780 -15.251921 -15.394924 -15.538576 -15.682671
-14.394959 -14.535883 -14.677280 -14.819562 -14.962663 -15.106382 -15.250523 -15.394936 -15.539520 -15.684211 -15.828966 -15.973761 -16.118580 -16.263414 -16.408257
-14.586582 -14.685102 -14.815423 -14.964202 -15.119153 -15.272041 -15.419839 -15.563487 -15.705255 -15.846838 -15.988988 -16.131864 -16.275372 -16.419352 -16.563656
-14.235334 -14.383324 -14.526357 -14.667476 -14.808675 -14.950680 -15.093538 -15.237077 -15.381094 -15.525427 -15.669960 -15.814619 -15.959355 -16.104138 -16.248950
-14.351813 -14.504662 -14.656921 -14.805113 -14.949448 -15.091734 -15.233553 -15.375725 -15.518516 -15.661913 -15.805797 -15.950030 -16.094497 -16.239113 -16.383823
-14.220388 -14.310356 -14.436866 -14.584399 -14.739192 -14.892359 -15.040570 -15.184543 -15.326469 -15.468083 -15.610187 -15.752970 -15.896373 -16.040258 -16.184489
-14.146342 -14.207653 -14.313123 -14.450043 -14.603671 -14.760818 -14.913474 -15.059932 -15.202384 -15.343542 -15.484998 -15.627271 -15.770342 -15.914026 -16.058136
-14.858038 -14.924389 -15.034037 -15.172839 -15.325922 -15.481524 -15.633071 -15.779203 -15.921807 -16.063235 -16.204884 -16.347245 -16.490339 -16.634023 -16.778128
-14.147001 -14.292402 -14.442489 -14.591724 -14.738179 -14.882371 -15.025449 -15.168058 -15.310593 -15.453431 -15.596746 -15.740527 -15.884684 -16.029104 -16.173692
-14.255238 -14.403325 -14.552495 -14.699794 -14.844820 -14.988323 -15.131049 -15.273570 -15.416329 -15.559548 -15.703246 -15.847339 -15.991714 -16.136274 -16.280949
-13.680297 -13.831930 -13.978741 -14.121964 -14.263705 -14.405433 -14.547764 -14.690796 -14.834416 -14.978469 -15.122816 -15.267356 -15.412018 -15.556755 -15.701539
-15.295864 -15.210534 -15.183837 -15.216647 -15.302124 -15.427148 -15.575378 -15.731982 -15.886959 -16.036091 -16.180103 -16.321707 -16.462989 -16.604872 -16.747559
-14.262893 -14.369829 -14.507528 -14.660885 -14.817163 -14.969103 -15.115314 -15.257853 -15.399198 -15.540798 -15.683136 -15.826215 -15.969885 -16.113977 -16.258354
-14.766456 -14.892901 -15.043119 -15.201469 -15.357080 -15.505942 -15.649407 -15.790584 -15.931679 -16.073559 -16.216320 -16.359793 -16.503768 -16.648075 -16.792593
-14.143359 -14.272526 -14.420309 -14.574766 -14.727574 -14.875510 -15.019324 -15.161183 -15.302790 -15.444939 -15.587807 -15.731304 -15.875271 -16.019563 -16.164067
-14.314724 -14.415291 -14.543658 -14.688316 -14.839113 -14.989373 -15.136439 -15.280557 -15.423100 -15.565278 -15.707734 -15.850679 -15.994124 -16.137995 -16.282195
-13.677688 -13.831916 -13.986806 -14.136911 -14.281938 -14.424097 -14.565531 -14.707371 -14.849948 -14.993216 -15.137019 -15.281200 -15.425633 -15.570228 -15.714924
-14.259775 -14.396623 -14.547094 -14.700838 -14.851765 -14.998209 -15.141477 -15.283423 -15.425275 -15.567626 -15.710637 -15.854238 -15.998283 -16.142632 -16.287177
-14.787556 -14.724944 -14.711070 -14.745393 -14.823195 -14.936155 -15.073322 -15.223127 -15.375992 -15.526243 -15.672365 -15.815513 -15.957464 -16.099428 -16.241924
-13.656158 -13.771214 -13.910577 -14.062287 -14.216278 -14.366761 -14.512566 -14.655288 -14.796943 -14.938786 -15.081287 -15.224476 -15.368219 -15.512359 -15.656765
-14.380544 -14.528295 -14.683925 -14.837919 -14.986478 -15.130389 -15.272107 -15.413545 -15.555564 -15.698346 -15.841790 -15.985728 -16.130003 -16.274498 -16.419133
-14.069859 -14.210924 -14.364107 -14.518897 -14.669503 -14.815051 -14.957474 -15.098947 -15.240723 -15.383223 -15.526440 -15.670217 -15.814387 -15.958815 -16.103409
-14.594633 -14.711492 -14.856855 -15.014874 -15.172659 -15.323822 -15.468472 -15.609808 -15.750613 -15.892156 -16.034673 -16.177997 -16.321885 -16.466142 -16.610630
-14.385655 -14.535467 -14.689889 -14.841805 -14.988875 -15.132244 -15.274023 -15.415711 -15.557977 -15.700958 -15.844552 -15.988597 -16.132946 -16.277490 -16.422155
-14.086226 -14.241813 -14.395078 -14.542977 -14.686566 -14.828259 -14.969787 -15.111890 -15.254725 -15.398203 -15.542163 -15.686453 -15.830959 -15.975601 -16.120326
-14.208240 -14.326077 -14.468314 -14.620856 -14.773985 -14.923216 -15.068237 -15.210777 -15.352595 -15.494659 -15.637290 -15.780510 -15.924234 -16.068343 -16.212721
-13.673424 -13.829237 -13.983537 -14.132290 -14.276270 -14.417983 -14.559388 -14.701374 -14.844123 -14.987536 -15.131444 -15.275694 -15.420172 -15.564794 -15.709507
-14.661605 -14.720896 -14.824788 -14.957671 -15.105629 -15.258521 -15.409783 -15.557053 -15.701139 -15.843530 -15.985417 -16.127612 -16.270440 -16.413892 -16.557839
-13.936439 -14.091290 -14.246831 -14.397404 -14.542615 -14.684754 -14.826098 -14.967844 -15.110344 -15.253558 -15.397327 -15.541488 -15.685910 -15.830497 -15.975189
-14.552531 -14.695704 -14.837481 -14.979261 -15.121602 -15.264585 -15.408121 -15.552084 -15.696358 -15.840844 -15.985470 -16.130185 -16.274955 -16.419759 -16.564583
-14.504265 -14.650922 -14.793984 -14.935646 -15.077356 -15.219684 -15.362706 -15.506312 -15.650351 -15.794688 -15.939221 -16.083878 -16.228613 -16.373395 -16.518206
-14.391069 -14.539562 -14.683062 -14.824443 -14.965712 -15.107665 -15.250428 -15.393876 -15.537825 -15.682112 -15.826616 -15.971257 -16.115981 -16.260758 -16.405565
-15.387723 -15.261110 -15.182426 -15.160625 -15.195581 -15.280365 -15.402699 -15.547701 -15.701843 -15.855742 -16.005009 -16.149657 -16.291811 -16.433385 -16.575347
-15.584717 -15.441620 -15.325794 -15.253489 -15.231758 -15.261345 -15.338106 -15.453450 -15.595161 -15.749704 -15.905700 -16.056840 -16.202327 -16.344458 -16.485676
-14.356586 -14.312005 -14.325338 -14.392127 -14.502216 -14.641482 -14.794904 -14.950437 -15.101617 -15.247445 -15.389940 -15.531389 -15.673105 -15.815524 -15.958647
-14.596850 -14.727353 -14.878003 -15.034805 -15.188607 -15.336428 -15.479706 -15.621113 -15.762491 -15.904571 -16.047446 -16.190973 -16.334973 -16.479289 -16.623810
-14.203030 -14.351059 -14.498285 -14.643493 -14.787119 -14.930024 -15.072804 -15.215722 -15.358908 -15.502442 -15.646331 -15.790527 -15.934955 -16.079544 -16.224236
-14.271414 -14.381938 -14.520575 -14.672661 -14.827111 -14.977947 -15.123962 -15.266824 -15.408570 -15.550404 -15.692809 -15.835878 -15.979522 -16.123592 -16.267956
-14.128470 -14.257440 -14.406394 -14.562170 -14.716004 -14.864358 -15.008192 -15.149944 -15.291390 -15.433380 -15.576139 -15.719578 -15.863524 -16.007813 -16.152321
-14.281993 -14.433680 -14.592570 -14.747925 -14.896251 -15.039374 -15.180465 -15.321597 -15.463533 -15.606330 -15.749814 -15.893786 -16.038086 -16.182596 -16.327240
-14.393154 -14.512138 -14.655183 -14.808660 -14.962599 -15.112208 -15.257198 -15.399526 -15.541134 -15.683075 -15.825682 -15.968943 -16.112728 -16.256892 -16.401312
-14.281983 -14.440263 -14.593312 -14.739674 -14.881873 -15.022842 -15.164203 -15.306437 -15.449491 -15.593171 -15.737281 -15.881673 -16.026243 -16.170924 -16.315674
-13.663938 -13.800833 -13.955780 -14.114256 -14.267647 -14.414219 -14.556463 -14.697389 -14.838700 -14.980906 -15.123953 -15.267634 -15.411749 -15.556145 -15.700718
-14.182831 -14.338611 -14.495060 -14.645943 -14.790975 -14.932808 -15.073928 -15.215588 -15.358101 -15.501370 -15.645197 -15.789403 -15.933854 -16.078461 -16.223164
-13.808788 -13.955563 -14.110728 -14.264756 -14.413586 -14.557733 -14.699552 -14.840992 -14.982980 -15.125730 -15.269151 -15.413072 -15.557337 -15.701825 -15.846454
-14.170905 -14.313961 -14.455189 -14.596481 -14.738514 -14.881353 -15.024857 -15.168841 -15.313150 -15.457668 -15.602317 -15.747046 -15.891826 -16.036635 -16.181463
-14.370224 -14.512462 -14.654695 -14.797291 -14.940389 -15.083986 -15.227994 -15.372305 -15.516821 -15.661469 -15.806198 -15.950977 -16.095786 -16.240614 -16.385453
-14.245267 -14.393574 -14.538327 -14.680966 -14.822975 -14.965215 -15.107995 -15.251330 -15.395131 -15.539284 -15.683686 -15.828256 -15.972936 -16.117684 -16.262474
-14.140409 -14.277552 -14.432238 -14.590170 -14.743150 -14.889609 -15.031939 -15.172995 -15.314393 -15.456629 -15.599670 -15.743333 -15.887430 -16.031812 -16.176376
-14.154899 -14.256899 -14.394966 -14.551201 -14.710365 -14.863892 -15.010281 -15.152294 -15.293087 -15.434350 -15.576548 -15.719603 -15.863296 -16.007422 -16.151827
-14.522005 -14.624370 -14.754793 -14.900766 -15.052045 -15.202316 -15.349226 -15.493218 -15.635740 -15.777940 -15.920394 -16.063326 -16.206769 -16.350654 -16.494876
-14.415356 -14.470270 -14.573852 -14.712077 -14.868185 -15.027304 -15.180727 -15.326995 -15.468941 -15.609711 -15.750985 -15.893214 -16.036303 -16.180021 -16.324163
-14.546584 -14.631700 -14.751455 -14.892434 -15.042748 -15.194250 -15.342902 -15.488125 -15.631180 -15.773418 -15.915657 -16.058301 -16.201488 -16.345184 -16.489278
-14.241110 -14.383353 -14.526355 -14.669971 -14.814026 -14.958377 -15.102920 -15.247583 -15.392321 -15.537105 -15.681918 -15.826748 -15.971588 -16.116435 -16.261286
-14.293953 -14.409407 -14.547780 -14.697316 -14.849200 -14.998594 -15.144382 -15.287662 -15.429893 -15.572042 -15.714594 -15.857709 -16.001354 -16.145415 -16.289768
-14.700549 -14.602826 -14.559009 -14.571584 -14.635630 -14.740715 -14.873555 -15.021456 -15.174360 -15.325639 -15.472842 -15.616741 -15.759001 -15.900897 -16.043154
-15.039883 -14.975845 -14.963274 -15.000927 -15.082952 -15.199923 -15.340079 -15.491386 -15.644261 -15.793660 -15.938910 -16.081586 -16.223427 -16.365474 -16.508108
-14.119697 -14.268134 -14.412203 -14.554128 -14.695701 -14.837777 -14.980561 -15.123978 -15.267876 -15.412113 -15.556579 -15.701192 -15.845899 -15.990664 -16.135464
-14.025140 -14.173148 -14.326726 -14.478486 -14.625805 -14.769497 -14.911504 -15.053308 -15.195592 -15.338521 -15.482035 -15.626000 -15.770285 -15.914784 -16.059420
-14.492559 -14.621086 -14.767006 -14.918811 -15.069541 -15.216670 -15.360669 -15.503109 -15.645244 -15.787665 -15.930563 -16.073965 -16.217809 -16.361996 -16.506426
-14.806058 -14.763155 -14.777842 -14.844798 -14.953114 -15.088649 -15.237604 -15.389771 -15.539641 -15.685779 -15.829231 -15.971552 -16.113731 -16.256229 -16.399235
-14.629124 -14.739878 -14.879626 -15.033020 -15.188595 -15.339995 -15.485972 -15.628521 -15.769970 -15.911644 -16.054012 -16.197107 -16.340793 -16.484900 -16.629289
-14.251574 -14.392742 -14.546680 -14.701911 -14.852573 -14.998025 -15.140363 -15.281803 -15.423570 -15.566054 -15.709236 -15.852974 -15.997109 -16.141511 -16.286086
-14.643503 -14.723760 -14.842501 -14.986567 -15.141935 -15.297440 -15.447610 -15.592404 -15.734301 -15.875570 -16.017352 -16.159939 -16.303246 -16.447092 -16.591307
-14.234705 -14.382358 -14.539534 -14.695074 -14.844554 -14.988715 -15.130355 -15.271642 -15.413496 -15.556114 -15.699419 -15.843254 -15.987459 -16.131910 -16.276518
-14.258874 -14.379995 -14.522762 -14.675333 -14.828599 -14.977938 -15.122941 -15.265370 -15.407062 -15.549060 -15.691716 -15.835022 -15.978844 -16.123035 -16.267474
-14.325292 -14.481845 -14.631416 -14.775210 -14.916448 -15.057477 -15.199245 -15.341887 -15.485251 -15.629140 -15.773385 -15.917861 -16.062483 -16.207197 -16.351966
-14.200231 -14.306621 -14.441161 -14.591374 -14.746031 -14.897934 -15.044860 -15.188069 -15.329747 -15.471418 -15.613714 -15.756731 -15.900351 -16.044409 -16.188763
-14.928121 -14.872511 -14.878920 -14.943647 -15.055409 -15.197732 -15.353771 -15.510917 -15.662587 -15.808073 -15.950031 -16.091108 -16.232648 -16.375029 -16.518194
-14.279293 -14.337078 -14.435971 -14.564782 -14.710912 -14.863230 -15.014476 -15.161870 -15.305888 -15.448204 -15.590191 -15.732528 -15.875423 -16.018865 -16.162758
-15.016182 -14.963985 -14.968053 -15.025100 -15.126048 -15.257753 -15.406221 -15.560015 -15.711933 -15.859331 -16.003059 -16.145099 -16.286897 -16.429133 -16.572014
-14.296873 -14.443422 -14.601051 -14.757876 -14.908331 -15.052758 -15.194195 -15.335172 -15.476829 -15.619396 -15.762733 -15.906621 -16.050875 -16.195361 -16.339991
-14.457386 -14.608433 -14.766495 -14.921447 -15.069775 -15.213002 -15.354155 -15.495313 -15.637276 -15.780113 -15.923645 -16.067662 -16.211997 -16.356532 -16.501192
-13.885568 -14.036542 -14.184028 -14.328269 -14.470793 -14.612912 -14.755284 -14.898139 -15.041514 -15.185343 -15.329522 -15.473948 -15.618537 -15.763230 -15.907986
-14.309776 -14.401606 -14.526166 -14.669442 -14.820159 -14.971127 -15.119026 -15.263728 -15.406605 -15.548873 -15.691203 -15.833942 -15.977211 -16.120967 -16.265104
-14.458600 -14.614853 -14.771576 -14.922565 -15.067608 -15.209409 -15.350496 -15.492130 -15.634621 -15.777873 -15.921689 -16.065890 -16.210339 -16.354945 -16.499648
-14.111551 -14.205367 -14.330258 -14.474414 -14.626833 -14.779397 -14.928127 -15.072879 -15.215342 -15.357146 -15.499227 -15.641937 -15.785286 -15.929148 -16.073373
-14.257352 -14.389650 -14.541695 -14.699093 -14.852827 -15.000299 -15.143274 -15.284538 -15.425893 -15.568001 -15.710915 -15.854477 -15.998501 -16.142835 -16.287367
-13.973666 -14.051376 -14.175292 -14.326102 -14.485850 -14.642517 -14.791740 -14.935134 -15.076138 -15.217096 -15.358886 -15.501582 -15.645003 -15.788938 -15.933216
-14.331228 -14.473602 -14.614521 -14.755768 -14.897895 -15.040868 -15.184490 -15.328562 -15.472929 -15.617483 -15.762154 -15.906898 -16.051686 -16.196500 -16.341331
-14.802626 -14.721648 -14.699362 -14.736170 -14.825232 -14.953606 -15.104722 -15.263017 -15.418201 -15.566691 -15.709986 -15.851148 -15.992289 -16.134217 -16.277013
-14.090518 -14.243149 -14.392287 -14.537385 -14.680021 -14.821886 -14.963975 -15.106646 -15.249915 -15.393678 -15.537809 -15.682198 -15.826760 -15.971433 -16.116178
-14.094707 -14.215875 -14.359906 -14.513511 -14.667004 -14.816021 -14.960641 -15.102862 -15.244510 -15.386539 -15.529229 -15.672548 -15.816366 -15.960546 -16.104973
-14.297677 -14.451100 -14.606808 -14.758111 -14.903944 -15.046381 -15.187764 -15.329442 -15.471859 -15.615005 -15.758721 -15.902844 -16.047237 -16.191806 -16.336486
-15.657419 -15.506096 -15.376424 -15.290662 -15.259061 -15.283309 -15.358722 -15.475106 -15.618308 -15.773597 -15.929552 -16.080323 -16.225497 -16.367514 -16.508751
-14.300156 -14.258715 -14.280605 -14.359027 -14.480130 -14.626469 -14.782268 -14.937130 -15.086609 -15.231049 -15.372934 -15.514342 -15.656231 -15.798846 -15.942140
-14.293357 -14.413215 -14.557388 -14.712438 -14.867755 -15.017959 -15.162845 -15.304800 -15.446084 -15.587855 -15.730434 -15.873746 -16.017605 -16.161836 -16.306306
-14.271841 -14.277963 -14.343194 -14.455882 -14.599467 -14.756628 -14.914082 -15.065395 -15.210449 -15.352148 -15.493141 -15.634709 -15.777152 -15.920366 -16.064154
-14.350073 -14.497692 -14.641634 -14.783782 -14.925622 -15.067879 -15.210741 -15.354162 -15.498028 -15.642227 -15.786660 -15.931249 -16.075941 -16.220696 -16.365491
-14.382010 -14.460910 -14.579643 -14.722373 -14.875027 -15.028203 -15.177485 -15.322503 -15.465016 -15.606810 -15.748857 -15.891478 -16.034701 -16.178436 -16.322556
-14.238215 -14.338187 -14.473530 -14.627429 -14.785351 -14.938664 -15.085450 -15.227964 -15.369067 -15.510440 -15.652630 -15.795626 -15.939250 -16.083316 -16.227676
-14.612630 -14.656879 -14.745395 -14.868368 -15.013374 -15.167721 -15.321692 -15.470808 -15.615267 -15.757274 -15.898775 -16.040751 -16.183461 -16.326836 -16.470716
-14.936487 -14.892268 -14.903675 -14.966975 -15.073067 -15.208845 -15.360051 -15.514926 -15.666578 -15.813190 -15.956244 -16.097929 -16.239654 -16.381976 -16.524989
-14.105235 -14.242306 -14.393890 -14.548531 -14.699724 -14.845980 -14.988876 -15.130541 -15.272317 -15.414711 -15.557782 -15.701423 -15.845487 -15.989841 -16.134385
-14.837335 -14.820970 -14.859951 -14.947220 -15.070796 -15.216190 -15.370134 -15.523539 -15.672395 -15.816878 -15.959040 -16.100689 -16.242728 -16.385426 -16.528761
-13.769756 -13.912996 -14.066732 -14.220749 -14.370253 -14.515117 -14.657373 -14.798959 -14.940908 -15.083535 -15.226811 -15.370603 -15.514769 -15.659187 -15.803772
-14.570150 -14.720148 -14.866160 -15.009354 -15.151429 -15.293503 -15.436030 -15.579110 -15.722699 -15.866698 -16.010998 -16.155505 -16.300145 -16.444869 -16.589645
-13.946476 -14.095646 -14.251132 -14.404431 -14.552354 -14.695915 -14.837532 -14.979004 -15.121113 -15.264000 -15.407539 -15.551551 -15.695878 -15.840408 -15.985065
-14.216829 -14.365859 -14.520752 -14.673313 -14.820755 -14.964212 -15.105937 -15.247554 -15.389765 -15.532694 -15.676233 -15.820225 -15.964528 -16.109037 -16.253679
-14.343188 -14.489629 -14.643993 -14.797340 -14.945942 -15.090195 -15.232226 -15.373834 -15.515889 -15.658627 -15.801998 -15.945867 -16.090088 -16.234546 -16.379157
-14.874303 -14.835290 -14.846728 -14.905345 -15.003721 -15.131284 -15.276217 -15.427998 -15.579394 -15.727206 -15.871538 -16.013967 -16.155933 -16.298211 -16.441060
-14.927950 -15.045631 -15.186069 -15.336748 -15.489012 -15.638273 -15.783726 -15.926753 -16.068879 -16.211006 -16.353572 -16.496717 -16.640392 -16.784477 -16.928848
-13.901313 -13.972514 -14.092559 -14.242185 -14.402476 -14.560274 -14.710390 -14.854114 -14.995062 -15.135853 -15.277499 -15.420103 -15.563474 -15.707384 -15.851649
-14.777028 -14.924169 -15.066889 -15.208056 -15.349406 -15.491534 -15.634471 -15.778055 -15.922099 -16.066448 -16.210992 -16.355657 -16.500396 -16.645182 -16.789995
-14.361727 -14.478002 -14.620876 -14.775464 -14.930769 -15.081256 -15.226466 -15.368658 -15.510057 -15.651826 -15.794326 -15.937539 -16.081312 -16.225479 -16.369906
-14.334975 -14.477250 -14.620284 -14.763920 -14.907988 -15.052346 -15.196892 -15.341558 -15.486298 -15.631083 -15.775897 -15.920727 -16.065568 -16.210415 -16.355266
-13.961741 -14.037042 -14.155887 -14.302258 -14.459816 -14.616399 -14.766619 -14.910996 -15.052494 -15.193546 -15.335254 -15.477834 -15.621157 -15.765021 -15.909252
-14.996417 -15.020397 -15.098940 -15.219375 -15.365285 -15.521215 -15.676488 -15.826304 -15.970868 -16.112715 -16.254030 -16.395849 -16.538439 -16.681736 -16.825573
-13.863670 -13.995940 -14.144588 -14.298256 -14.449789 -14.596840 -14.740378 -14.882355 -15.024189 -15.166512 -15.309470 -15.453002 -15.596979 -15.741272 -15.885776
-14.315312 -14.465780 -14.615632 -14.762468 -14.906532 -15.049143 -15.191416 -15.333921 -15.476876 -15.620322 -15.764201 -15.908414 -16.052862 -16.197466 -16.342167
-14.325042 -14.477017 -14.633541 -14.786531 -14.933726 -15.076761 -15.218199 -15.359694 -15.501866 -15.644787 -15.788333 -15.932337 -16.076655 -16.221177 -16.365828
-14.050368 -14.202027 -14.359243 -14.512984 -14.660499 -14.803487 -14.944731 -15.086067 -15.228182 -15.371122 -15.514714 -15.658765 -15.803118 -15.947664 -16.092330
-13.860789 -14.012442 -14.165541 -14.315066 -14.460362 -14.603030 -14.744852 -14.886882 -15.029496 -15.172720 -15.316455 -15.460571 -15.604954 -15.749515 -15.894188
-14.627458 -14.524432 -14.481208 -14.500865 -14.576942 -14.695684 -14.840015 -14.994894 -15.150023 -15.300191 -15.445149 -15.587267 -15.728686 -15.870483 -16.013003
-14.626830 -14.678063 -14.772731 -14.900683 -15.049003 -15.204819 -15.358826 -15.507297 -15.651080 -15.792684 -15.934060 -16.076076 -16.218894 -16.362386 -16.506365
-15.639854 -15.487132 -15.368994 -15.305607 -15.303018 -15.357338 -15.457339 -15.587871 -15.734708 -15.887309 -16.038801 -16.186333 -16.330508 -16.472973 -16.614944
-15.216258 -15.101577 -15.042370 -15.044140 -15.103378 -15.209904 -15.348798 -15.503657 -15.660939 -15.813189 -15.959249 -16.101512 -16.242646 -16.384141 -16.526450
-15.039883 -14.975845 -14.963274 -15.000927 -15.082952 -15.199923 -15.340079 -15.491386 -15.644261 -15.793660 -15.938910 -16.081586 -16.223427 -16.365474 -16.508108
-14.238556 -14.247440 -14.315065 -14.429471 -14.573839 -14.730937 -14.887941 -15.038856 -15.183735 -15.325434 -15.466499 -15.608133 -15.750616 -15.893850 -16.037647
-14.227661 -14.365362 -14.515161 -14.667601 -14.817318 -14.963097 -15.106155 -15.248160 -15.390221 -15.532796 -15.675962 -15.819642 -15.963716 -16.108068 -16.252608
-13.824814 -13.925191 -14.059479 -14.211749 -14.368343 -14.521114 -14.668022 -14.810889 -14.952274 -15.093785 -15.236006 -15.378979 -15.522566 -15.666597 -15.810932
-14.760522 -14.902469 -15.044590 -15.187232 -15.330431 -15.474118 -15.618189 -15.762537 -15.907074 -16.051733 -16.196469 -16.341252 -16.486064 -16.630894 -16.775734
-14.207644 -14.358085 -14.502968 -14.644836 -14.786043 -14.927770 -15.070320 -15.213605 -15.357439 -15.501649 -15.646103 -15.790711 -15.935416 -16.080180 -16.224980
-14.332564 -14.402909 -14.515155 -14.653873 -14.804840 -14.958086 -15.108261 -15.254133 -15.397120 -15.539058 -15.681052 -15.823539 -15.966624 -16.110250 -16.254295
-14.340071 -14.334064 -14.394269 -14.507627 -14.654514 -14.814856 -14.974012 -15.125444 -15.269808 -15.410835 -15.551473 -15.692938 -15.835403 -15.978676 -16.122523
-15.168846 -15.071922 -15.034851 -15.059878 -15.140251 -15.262148 -15.408503 -15.564311 -15.719430 -15.869116 -16.013644 -16.155552 -16.296909 -16.438722 -16.581302
-13.802853 -13.954730 -14.101235 -14.244064 -14.385560 -14.527201 -14.669534 -14.812600 -14.956258 -15.100341 -15.244711 -15.389267 -15.533938 -15.678682 -15.823469
-14.177410 -14.220802 -14.313643 -14.442701 -14.592287 -14.748518 -14.902391 -15.050593 -15.194195 -15.335761 -15.477166 -15.619201 -15.762013 -15.905486 -16.049447
-14.752524 -14.913048 -15.069917 -15.218970 -15.362123 -15.502978 -15.643885 -15.785672 -15.928383 -16.071820 -16.215768 -16.360056 -16.504560 -16.649200 -16.793924
-14.321330 -14.405910 -14.527660 -14.672499 -14.826985 -14.981348 -15.130902 -15.275618 -15.417708 -15.559187 -15.701084 -15.843706 -15.987019 -16.130863 -16.275079
-13.747813 -13.858628 -13.994342 -14.143099 -14.295201 -14.445037 -14.591100 -14.734397 -14.876534 -15.018629 -15.161175 -15.304281 -15.447896 -15.591914 -15.736226
-14.591284 -14.713010 -14.854520 -15.004686 -15.155847 -15.304188 -15.449221 -15.592202 -15.734448 -15.876741 -16.019447 -16.162685 -16.306415 -16.450530 -16.594917
-14.523270 -14.666114 -14.807556 -14.949136 -15.091426 -15.234465 -15.378106 -15.522178 -15.666539 -15.811088 -15.955755 -16.100496 -16.245281 -16.390095 -16.534926
-14.785813 -14.749755 -14.773416 -14.850292 -14.967876 -15.110549 -15.263866 -15.417803 -15.567542 -15.712667 -15.855077 -15.996719 -16.138653 -16.281227 -16.424445
-14.712056 -14.781953 -14.890511 -15.026362 -15.176864 -15.331008 -15.482123 -15.628499 -15.771539 -15.913288 -16.055095 -16.197502 -16.340580 -16.484221 -16.628279
-14.072851 -14.227873 -14.378329 -14.523677 -14.666021 -14.807518 -14.949335 -15.091840 -15.235029 -15.378768 -15.522904 -15.667308 -15.811884 -15.956570 -16.101322
-14.316564 -14.449559 -14.599079 -14.753097 -14.904776 -15.051835 -15.195394 -15.337467 -15.479343 -15.621606 -15.764474 -15.907936 -16.051869 -16.196139 -16.340634
-14.689262 -14.774601 -14.893355 -15.033870 -15.184616 -15.336815 -15.485906 -15.631170 -15.773975 -15.915937 -16.058058 -16.200720 -16.343970 -16.487718 -16.631840
-13.660729 -13.767282 -13.904579 -14.058068 -14.214849 -14.367222 -14.513593 -14.656080 -14.797302 -14.938805 -15.081103 -15.224185 -15.367873 -15.511984 -15.656375
-14.177666 -14.329703 -14.482390 -14.631292 -14.776170 -14.918718 -15.060603 -15.202741 -15.345433 -15.488695 -15.632443 -15.776562 -15.920946 -16.065506 -16.210180
-14.036169 -14.086442 -14.181743 -14.310753 -14.459619 -14.615310 -14.768927 -14.917102 -15.060784 -15.202426 -15.343874 -15.485938 -15.628772 -15.772264 -15.916238
-14.101114 -14.253742 -14.400679 -14.543641 -14.685129 -14.826691 -14.968906 -15.111855 -15.255424 -15.399448 -15.543782 -15.688315 -15.832974 -15.977710 -16.122493
-14.537153 -14.693001 -14.848330 -14.998076 -15.142507 -15.284215 -15.425444 -15.567269 -15.709931 -15.853313 -15.997221 -16.141481 -16.285968 -16.430598 -16.575315
-14.097975 -14.241220 -14.382497 -14.523771 -14.665806 -14.808679 -14.952226 -15.096248 -15.240583 -15.385118 -15.529777 -15.674513 -15.819296 -15.964108 -16.108938
-13.823075 -13.819529 -13.874806 -13.978961 -14.116822 -14.271546 -14.429128 -14.581714 -14.727955 -14.870260 -15.011375 -15.152837 -15.295115 -15.438176 -15.581844
-14.512220 -14.566984 -14.667789 -14.799578 -14.947867 -15.101617 -15.253629 -15.401156 -15.545078 -15.687251 -15.829033 -15.971194 -16.114016 -16.257469 -16.401414
-15.577509 -15.433479 -15.286061 -15.163940 -15.085865 -15.059652 -15.085530 -15.158146 -15.267777 -15.402274 -15.549915 -15.701581 -15.851684 -15.998336 -16.142206
-14.134625 -14.274927 -14.415891 -14.557949 -14.700947 -14.844617 -14.988731 -15.133130 -15.277705 -15.422389 -15.567141 -15.711933 -15.856751 -16.001584 -16.146427
-14.317526 -14.326648 -14.387816 -14.492650 -14.628668 -14.781420 -14.937997 -15.090516 -15.237129 -15.379793 -15.521089 -15.662597 -15.804867 -15.947913 -16.091569
-14.745281 -14.847363 -14.979210 -15.127619 -15.281452 -15.433448 -15.580901 -15.724649 -15.866667 -16.008428 -16.150648 -16.293536 -16.437039 -16.581013 -16.725314
-14.588531 -14.594266 -14.654290 -14.758555 -14.892857 -15.042647 -15.196638 -15.348136 -15.495024 -15.638460 -15.780430 -15.922258 -16.064550 -16.207487 -16.351018
-14.348999 -14.471898 -14.614873 -14.765794 -14.917026 -15.065123 -15.209963 -15.352933 -15.495223 -15.637511 -15.780190 -15.923409 -16.067131 -16.211248 -16.355642
-14.410078 -14.569309 -14.725500 -14.874450 -15.017701 -15.158631 -15.299578 -15.441415 -15.584198 -15.727713 -15.871727 -16.016063 -16.160600 -16.305261 -16.449999
-13.966691 -14.117459 -14.271562 -14.422692 -14.569141 -14.712274 -14.854081 -14.995878 -15.138239 -15.281284 -15.424918 -15.568986 -15.713350 -15.857903 -16.002574
-14.001764 -14.099210 -14.232579 -14.384874 -14.541906 -14.695271 -14.842580 -14.985549 -15.126879 -15.268294 -15.410431 -15.553349 -15.696906 -15.840925 -15.985254
-14.239319 -14.381222 -14.523942 -14.667362 -14.811295 -14.955573 -15.100072 -15.244710 -15.389433 -15.534208 -15.679015 -15.823841 -15.968680 -16.113525 -16.258376
-14.611154 -14.631002 -14.700539 -14.810460 -14.947895 -15.099253 -15.253588 -15.404625 -15.550867 -15.693829 -15.835570 -15.977381 -16.119777 -16.262846 -16.406491
-14.641316 -14.788202 -14.932391 -15.075087 -15.217335 -15.359778 -15.502715 -15.646190 -15.790120 -15.934384 -16.078871 -16.223502 -16.368220 -16.512992 -16.657797
-14.789367 -14.927294 -15.079298 -15.233968 -15.385037 -15.531164 -15.673982 -15.815622 -15.957399 -16.099803 -16.242886 -16.386535 -16.530604 -16.674961 -16.819507
-13.971872 -14.126397 -14.277267 -14.423236 -14.565977 -14.707600 -14.849393 -14.991833 -15.134961 -15.278655 -15.422761 -15.567145 -15.711709 -15.856386 -16.001133
-14.011128 -14.162733 -14.318248 -14.470424 -14.617222 -14.760196 -14.901715 -15.043312 -15.185580 -15.328590 -15.472212 -15.616275 -15.760634 -15.905183 -16.049851
-14.584038 -14.558554 -14.588822 -14.669515 -14.790032 -14.935964 -15.092404 -15.248121 -15.398032 -15.542479 -15.684155 -15.825352 -15.967141 -16.109759 -16.253100
-14.059754 -14.217581 -14.372787 -14.521415 -14.664817 -14.806016 -14.947156 -15.089090 -15.231905 -15.375419 -15.519423 -15.663748 -15.808276 -15.952932 -16.097665
-13.897284 -14.048238 -14.203430 -14.355480 -14.502356 -14.645491 -14.787139 -14.928802 -15.071077 -15.214052 -15.357619 -15.501630 -15.645948 -15.790468 -15.935117
-14.582249 -14.674688 -14.799104 -14.942838 -15.094397 -15.245915 -15.393940 -15.538457 -15.680986 -15.822982 -15.965248 -16.108054 -16.251410 -16.395228 -16.539398
-14.231482 -14.387243 -14.536874 -14.680978 -14.822419 -14.963522 -15.105324 -15.248013 -15.391437 -15.535382 -15.679672 -15.824179 -15.968821 -16.113547 -16.258324
-14.442971 -14.584922 -14.735922 -14.887920 -15.036737 -15.181829 -15.324606 -15.466608 -15.608760 -15.751442 -15.894718 -16.038502 -16.182663 -16.327083 -16.471670
-14.932342 -14.845929 -14.822334 -14.861556 -14.954732 -15.086489 -15.238890 -15.396633 -15.550558 -15.698091 -15.841067 -15.982334 -16.123693 -16.265782 -16.408658
-14.367840 -14.460570 -14.593192 -14.747667 -14.907558 -15.062700 -15.210351 -15.352854 -15.493612 -15.634664 -15.776659 -15.919566 -16.063163 -16.207229 -16.351596
-14.130087 -14.262890 -14.414696 -14.571552 -14.724993 -14.872450 -15.015525 -15.156899 -15.298317 -15.440438 -15.583341 -15.726890 -15.870905 -16.015234 -16.159764
-13.933905 -14.017186 -14.145934 -14.300310 -14.461797 -14.618501 -14.766884 -14.909432 -15.049974 -15.190816 -15.332669 -15.475486 -15.619025 -15.763052 -15.907395
-14.166928 -14.306382 -14.456888 -14.609048 -14.758241 -14.903710 -15.046815 -15.189051 -15.331256 -15.473827 -15.616927 -15.760542 -15.904575 -16.048908 -16.193441
-14.114324 -14.270566 -14.423505 -14.570684 -14.713704 -14.855113 -14.996595 -15.138797 -15.281776 -15.425381 -15.569432 -15.713782 -15.858324 -16.002987 -16.147726
-14.235726 -14.315352 -14.437176 -14.583761 -14.739620 -14.894554 -15.044063 -15.188475 -15.330325 -15.471704 -15.613575 -15.756190 -15.899495 -16.043333 -16.187543
-14.414856 -14.483085 -14.593616 -14.732310 -14.884703 -15.039280 -15.189862 -15.335531 -15.478142 -15.619764 -15.761606 -15.904090 -16.047232 -16.190909 -16.334985
-14.505213 -14.500312 -14.550080 -14.646429 -14.776597 -14.925865 -15.081298 -15.234504 -15.382414 -15.526024 -15.667707 -15.809219 -15.951326 -16.094177 -16.237671
-14.163490 -14.317195 -14.465803 -14.609892 -14.751774 -14.893293 -15.035311 -15.178055 -15.321461 -15.465370 -15.609628 -15.754114 -15.898743 -16.043460 -16.188232
-15.067550 -14.981790 -14.944233 -14.956930 -15.017078 -15.117751 -15.248483 -15.396836 -15.551211 -15.703709 -15.851380 -15.995067 -16.136913 -16.278559 -16.420752
-15.219078 -15.062228 -14.933345 -14.856934 -14.842668 -14.889791 -14.989469 -15.126341 -15.282144 -15.441358 -15.595162 -15.741816 -15.883966 -16.024788 -16.166028
-14.428545 -14.572334 -14.713817 -14.855075 -14.996988 -15.139710 -15.283118 -15.427032 -15.571292 -15.715777 -15.860405 -16.005122 -16.149893 -16.294698 -16.439523
-14.456509 -14.495521 -14.576955 -14.692200 -14.830329 -14.980180 -15.132710 -15.282618 -15.428548 -15.571663 -15.713661 -15.855682 -15.998220 -16.141372 -16.285061
-14.531093 -14.675863 -14.818063 -14.959635 -15.101584 -15.244205 -15.387462 -15.531225 -15.675359 -15.819752 -15.964317 -16.108994 -16.253740 -16.398529 -16.543345
-14.580897 -14.710928 -14.862337 -15.019890 -15.174198 -15.322212 -15.465455 -15.606770 -15.748071 -15.890091 -16.032917 -16.176411 -16.320389 -16.464693 -16.609207
-14.811985 -14.839825 -14.914735 -15.026873 -15.163749 -15.313013 -15.465195 -15.614989 -15.760991 -15.904249 -16.046381 -16.188478 -16.331017 -16.474115 -16.617732
-13.953806 -14.095783 -14.237303 -14.379287 -14.521967 -14.665279 -14.809087 -14.953258 -15.097676 -15.242259 -15.386947 -15.531701 -15.676495 -15.821313 -15.966147
-13.993211 -14.063308 -14.172913 -14.308520 -14.457004 -14.608613 -14.758082 -14.904027 -15.047407 -15.189722 -15.331963 -15.474548 -15.617614 -15.761166 -15.905130
-14.205022 -14.341610 -14.492059 -14.645547 -14.796193 -14.942445 -15.085588 -15.227524 -15.369468 -15.511903 -15.654933 -15.798508 -15.942512 -16.086821 -16.231336
-14.237006 -14.378580 -14.532680 -14.687868 -14.838462 -14.983875 -15.126235 -15.267734 -15.409533 -15.552005 -15.695163 -15.838880 -15.983003 -16.127399 -16.271972
-14.483002 -14.619863 -14.768703 -14.920627 -15.070402 -15.216524 -15.359957 -15.502208 -15.644321 -15.786825 -15.929897 -16.073509 -16.217546 -16.361883 -16.506419
-14.857527 -14.745064 -14.687135 -14.688603 -14.745609 -14.847995 -14.981534 -15.131249 -15.285143 -15.436360 -15.583020 -15.726340 -15.868287 -16.010181 -16.152558
-14.541601 -14.616007 -14.729276 -14.868383 -15.019975 -15.173605 -15.323719 -15.469380 -15.612178 -15.753993 -15.895954 -16.038480 -16.181626 -16.325306 -16.469389
-14.288521 -14.437132 -14.580640 -14.721954 -14.863155 -15.005088 -15.147866 -15.291336 -15.435302 -15.579599 -15.724108 -15.868752 -16.013478 -16.158255 -16.303063
-14.582406 -14.722441 -14.875630 -15.030452 -15.181074 -15.326701 -15.469262 -15.610873 -15.752713 -15.895178 -16.038300 -16.181975 -16.326060 -16.470429 -16.614983
-13.920862 -14.076869 -14.227475 -14.372522 -14.514508 -14.655773 -14.797498 -14.939998 -15.083216 -15.226986 -15.371146 -15.515565 -15.660151 -15.804842 -15.949597
-14.705008 -14.662389 -14.684010 -14.764212 -14.889361 -15.040810 -15.200829 -15.357671 -15.506983 -15.650302 -15.791179 -15.932050 -16.073805 -16.216511 -16.359966
-14.212818 -14.360839 -14.519219 -14.675875 -14.825803 -14.969856 -15.111166 -15.252165 -15.393889 -15.536506 -15.679866 -15.823761 -15.968013 -16.112496 -16.257122
-14.231555 -14.340017 -14.476449 -14.626374 -14.779383 -14.929784 -15.076013 -15.219240 -15.361269 -15.503274 -15.645733 -15.788765 -15.932334 -16.076329 -16.220632
-13.874029 -13.959150 -14.079393 -14.222641 -14.376255 -14.530310 -14.679895 -14.824785 -14.967012 -15.108558 -15.250489 -15.393128 -15.536438 -15.680269 -15.824469
-14.794205 -14.851664 -14.951444 -15.080923 -15.227269 -15.379933 -15.531740 -15.679626 -15.823970 -15.966385 -16.108252 -16.250411 -16.393195 -16.536607 -16.680520
-14.230079 -14.386579 -14.540013 -14.687650 -14.830939 -14.972454 -15.113933 -15.256055 -15.398921 -15.542421 -15.686392 -15.830688 -15.975196 -16.119839 -16.264565
-14.203310 -14.356707 -14.506505 -14.651959 -14.794683 -14.936471 -15.078412 -15.220956 -15.364162 -15.507918 -15.652071 -15.796491 -15.941079 -16.085771 -16.230527
-14.111742 -14.263475 -14.409745 -14.552462 -14.693955 -14.835623 -14.977967 -15.121013 -15.264632 -15.408673 -15.553008 -15.697536 -15.842190 -15.986923 -16.131703
-13.641927 -13.761914 -13.901680 -14.050578 -14.200865 -14.348743 -14.493666 -14.636703 -14.779073 -14.921515 -15.064330 -15.207602 -15.351310 -15.495380 -15.639723
-14.495662 -14.639310 -14.793138 -14.947116 -15.096661 -15.241594 -15.383952 -15.525639 -15.667611 -15.810187 -15.953396 -16.097138 -16.241272 -16.385675 -16.530252
-14.516381 -14.660686 -14.812582 -14.964001 -15.111654 -15.255850 -15.398230 -15.540210 -15.682523 -15.825387 -15.968783 -16.112618 -16.256788 -16.401199 -16.545775
-14.520105 -14.662185 -14.815971 -14.970712 -15.120917 -15.266119 -15.408395 -15.549865 -15.691695 -15.834247 -15.977492 -16.121278 -16.265447 -16.409871 -16.554460
-14.115449 -14.276641 -14.433443 -14.582047 -14.724760 -14.865372 -15.006217 -15.148049 -15.290842 -15.434361 -15.578374 -15.722707 -15.867241 -16.011900 -16.156636
-14.411241 -14.547611 -14.698868 -14.853691 -15.005322 -15.151905 -15.294917 -15.436562 -15.578265 -15.720592 -15.863625 -16.007252 -16.151314 -16.295671 -16.440219
-14.644298 -14.799419 -14.954335 -15.104146 -15.248852 -15.390833 -15.532213 -15.674050 -15.816644 -15.959944 -16.103784 -16.247998 -16.392457 -16.537069 -16.681776
-14.497529 -14.502640 -14.559266 -14.659157 -14.790058 -14.938338 -15.092324 -15.244497 -15.392067 -15.535842 -15.677848 -15.819598 -15.961807 -16.104677 -16.248159
-13.824409 -13.965925 -14.118081 -14.271307 -14.420708 -14.565805 -14.708321 -14.850066 -14.992081 -15.134724 -15.277997 -15.421778 -15.565932 -15.710340 -15.854917
-14.183408 -14.328220 -14.485640 -14.642808 -14.793688 -14.938450 -15.080049 -15.221054 -15.362671 -15.505168 -15.648427 -15.792248 -15.936450 -16.080899 -16.225505
-14.732816 -14.732741 -14.781994 -14.873871 -14.997984 -15.142112 -15.294813 -15.447667 -15.596538 -15.741267 -15.883648 -16.025397 -16.167461 -16.310165 -16.453508
-14.700425 -14.755205 -14.849311 -14.972522 -15.113646 -15.262831 -15.413127 -15.561030 -15.706033 -15.849165 -15.991564 -16.133958 -16.276723 -16.419991 -16.563735
-14.385869 -14.533978 -14.677186 -14.818443 -14.959704 -15.101702 -15.244513 -15.387992 -15.531957 -15.676251 -15.820759 -15.965401 -16.110126 -16.254903 -16.399711
-13.946037 -14.093359 -14.250070 -14.405338 -14.554661 -14.698757 -14.840344 -14.981585 -15.123449 -15.266132 -15.409516 -15.553415 -15.697666 -15.842145 -15.986769
-14.048872 -14.141936 -14.268652 -14.416420 -14.572321 -14.726701 -14.875492 -15.019412 -15.161015 -15.302336 -15.444301 -15.587085 -15.730559 -15.874530 -16.018832
-14.081448 -14.082248 -14.140978 -14.247007 -14.385080 -14.538896 -14.695318 -14.847180 -14.993279 -15.135759 -15.277093 -15.418700 -15.561041 -15.704113 -15.847769
-14.536163 -14.687876 -14.835868 -14.980288 -15.122750 -15.264691 -15.406911 -15.549712 -15.693111 -15.836997 -15.981233 -16.125704 -16.270323 -16.415035 -16.559803
-14.715963 -14.859288 -15.013458 -15.168166 -15.318258 -15.463344 -15.605558 -15.747019 -15.888852 -16.031403 -16.174650 -16.318442 -16.462619 -16.607051 -16.751647
-13.756463 -13.911754 -14.064643 -14.212299 -14.355822 -14.497548 -14.639132 -14.781284 -14.924153 -15.067652 -15.211624 -15.355922 -15.500432 -15.645076 -15.789803
-13.985544 -14.084267 -14.214880 -14.363975 -14.519069 -14.671822 -14.819386 -14.962880 -15.104593 -15.246185 -15.388372 -15.531282 -15.674807 -15.818792 -15.963092
-14.272523 -14.356554 -14.484410 -14.637113 -14.797204 -14.953506 -15.102228 -15.245232 -15.386052 -15.526982 -15.668817 -15.811590 -15.955090 -16.099091 -16.243416
-14.181710 -14.336903 -14.487204 -14.632302 -14.774443 -14.915826 -15.057617 -15.200156 -15.343401 -15.487191 -15.631365 -15.775793 -15.920385 -16.065080 -16.209837
-14.297987 -14.424360 -14.572832 -14.729045 -14.883278 -15.031835 -15.175648 -15.317277 -15.458668 -15.600667 -15.743434 -15.886865 -16.030791 -16.175057 -16.319546
-14.916598 -14.956465 -15.042745 -15.164406 -15.308011 -15.460779 -15.613621 -15.762423 -15.907126 -16.049518 -16.191306 -16.333406 -16.476111 -16.619419 -16.763221
-13.904727 -14.062199 -14.221663 -14.375008 -14.521058 -14.662840 -14.803562 -14.944829 -15.087047 -15.230121 -15.373830 -15.517967 -15.662379 -15.806963 -15.951653
-13.656906 -13.801633 -13.944163 -14.086069 -14.228248 -14.371008 -14.514352 -14.658174 -14.802350 -14.946772 -15.091357 -15.236045 -15.380799 -15.525593 -15.670411
-14.385462 -14.394244 -14.454002 -14.556003 -14.687813 -14.836139 -14.989862 -15.141783 -15.289221 -15.432996 -15.575050 -15.716832 -15.859055 -16.001938 -16.145435
-14.214701 -14.370282 -14.524523 -14.673472 -14.817676 -14.959560 -15.101053 -15.243024 -15.385698 -15.529031 -15.672880 -15.817093 -15.961549 -16.106159 -16.250865
-14.207645 -14.362052 -14.522315 -14.677762 -14.825500 -14.968022 -15.108792 -15.249841 -15.391811 -15.534678 -15.678231 -15.822258 -15.966595 -16.111131 -16.255790
-14.208846 -14.346524 -14.497076 -14.650573 -14.801135 -14.947268 -15.090290 -15.232113 -15.373999 -15.516463 -15.659586 -15.803267 -15.947360 -16.091734 -16.236292
-13.831341 -13.909120 -14.025884 -14.166523 -14.317438 -14.469434 -14.618229 -14.763373 -14.906314 -15.048519 -15.190773 -15.333413 -15.476566 -15.620216 -15.764267
-13.941520 -14.089507 -14.233788 -14.376087 -14.517942 -14.660161 -14.802991 -14.946407 -15.090293 -15.234520 -15.378978 -15.523587 -15.668292 -15.813056 -15.957856
-14.440270 -14.531346 -14.661074 -14.812684 -14.970777 -15.125438 -15.273504 -15.416644 -15.557840 -15.699071 -15.841072 -15.983910 -16.127423 -16.271419 -16.415736
-15.128635 -15.180577 -15.273038 -15.394675 -15.533912 -15.681406 -15.830741 -15.978415 -16.123640 -16.267156 -16.409869 -16.552396 -16.695146 -16.838338 -16.982000
-14.325260 -14.481524 -14.633206 -14.779156 -14.921538 -15.062831 -15.204434 -15.346801 -15.489922 -15.633636 -15.777766 -15.922170 -16.066748 -16.211435 -16.356187
-14.607041 -14.701538 -14.829784 -14.976116 -15.128796 -15.280588 -15.428378 -15.572612 -15.715075 -15.857078 -15.999297 -16.142052 -16.285398 -16.429239 -16.573446
-14.439659 -14.591519 -14.749575 -14.904104 -15.052038 -15.195093 -15.336250 -15.477475 -15.619494 -15.762362 -15.905905 -16.049924 -16.194258 -16.338791 -16.483450
-14.258123 -14.414849 -14.572271 -14.723789 -14.869046 -15.010838 -15.151839 -15.293383 -15.435801 -15.579000 -15.722780 -15.866957 -16.011391 -16.155987 -16.300685
-14.383250 -14.431228 -14.528827 -14.661218 -14.812015 -14.967685 -15.120277 -15.267493 -15.410736 -15.552364 -15.693967 -15.836177 -15.979090 -16.122608 -16.266582
-14.516325 -14.586745 -14.694703 -14.829638 -14.979547 -15.133711 -15.285262 -15.432067 -15.575309 -15.717067 -15.858803 -16.001138 -16.144175 -16.287804 -16.431866
-14.515643 -14.544055 -14.622831 -14.741009 -14.884374 -15.038661 -15.193174 -15.342878 -15.487710 -15.629868 -15.771384 -15.913300 -16.055912 -16.199181 -16.342971
-14.128917 -14.280212 -14.432382 -14.581173 -14.726183 -14.868910 -15.010920 -15.153102 -15.295790 -15.439040 -15.582782 -15.726904 -15.871292 -16.015857 -16.160535
-14.082534 -14.240092 -14.393040 -14.539682 -14.682209 -14.823385 -14.964819 -15.107034 -15.250031 -15.393651 -15.537714 -15.682073 -15.826621 -15.971289 -16.116031
-14.226954 -14.374961 -14.531240 -14.685739 -14.834534 -14.978466 -15.120115 -15.261478 -15.403438 -15.546173 -15.689578 -15.833484 -15.977736 -16.122216 -16.266840
-13.870505 -14.021639 -14.172558 -14.320127 -14.464451 -14.606981 -14.749058 -14.891415 -15.034295 -15.177702 -15.321553 -15.465743 -15.610171 -15.754759 -15.899450
-14.701894 -14.829492 -14.977056 -15.131997 -15.285564 -15.434060 -15.578099 -15.719969 -15.861485 -16.003513 -16.146281 -16.289716 -16.433652 -16.577930 -16.722429
-14.516982 -14.614225 -14.744540 -14.894045 -15.049859 -15.203320 -15.351275 -15.494818 -15.636421 -15.777881 -15.919969 -16.062829 -16.206345 -16.350340 -16.494657
-14.879030 -14.830696 -14.833492 -14.885501 -14.980325 -15.107672 -15.254867 -15.409651 -15.563188 -15.711713 -15.855766 -15.997613 -16.139115 -16.281157 -16.423949
-13.909508 -14.036344 -14.188192 -14.347641 -14.503682 -14.652502 -14.795734 -14.936738 -15.077757 -15.219602 -15.362343 -15.505803 -15.649770 -15.794072 -15.938587
-13.760157 -13.895192 -14.045695 -14.200379 -14.352111 -14.498845 -14.641950 -14.783608 -14.925300 -15.067629 -15.210671 -15.354306 -15.498371 -15.642727 -15.787273
-13.809312 -13.914703 -14.051070 -14.202462 -14.356883 -14.507953 -14.654234 -14.797224 -14.938988 -15.080823 -15.223220 -15.366247 -15.509826 -15.653832 -15.798142
-14.369821 -14.346820 -14.383795 -14.472563 -14.598918 -14.746551 -14.901756 -15.055598 -15.204271 -15.348385 -15.490305 -15.631836 -15.773827 -15.916532 -16.059905
-14.307737 -14.285373 -14.315992 -14.393527 -14.507475 -14.645156 -14.794710 -14.947127 -15.097087 -15.243146 -15.386427 -15.528551 -15.670597 -15.813085 -15.956171
-14.187414 -14.257783 -14.364800 -14.497961 -14.645753 -14.798196 -14.948928 -15.095741 -15.239384 -15.381551 -15.523531 -15.665939 -15.808944 -15.952501 -16.096493
-13.781282 -13.930501 -14.082378 -14.231811 -14.377589 -14.520797 -14.662976 -14.805143 -14.947738 -15.090871 -15.234505 -15.378541 -15.522868 -15.667393 -15.812045
-15.563752 -15.423373 -15.326282 -15.286121 -15.305549 -15.379261 -15.495514 -15.638659 -15.793514 -15.949038 -16.099642 -16.244850 -16.386981 -16.528320 -16.670055
-14.133634 -14.233474 -14.364851 -14.514834 -14.670855 -14.824233 -14.971957 -15.115293 -15.256772 -15.398202 -15.540327 -15.683248 -15.826818 -15.970851 -16.115192
-15.003022 -14.855258 -14.752254 -14.710020 -14.730546 -14.806411 -14.924067 -15.067328 -15.221201 -15.375120 -15.524411 -15.669150 -15.811402 -15.953039 -16.095036
-14.254498 -14.410869 -14.560153 -14.703690 -14.844777 -14.985759 -15.127547 -15.270243 -15.413672 -15.557619 -15.701907 -15.846413 -15.991055 -16.135780 -16.280556
-15.105042 -15.041222 -15.037808 -15.092324 -15.195069 -15.331041 -15.483890 -15.640485 -15.793197 -15.940026 -16.082812 -16.224156 -16.365649 -16.507863 -16.650848
-13.774846 -13.918584 -14.060037 -14.201288 -14.343231 -14.486007 -14.629475 -14.773438 -14.917733 -15.062242 -15.206885 -15.351611 -15.496387 -15.641195 -15.786023
-13.376627 -13.488903 -13.628798 -13.782417 -13.938058 -14.089221 -14.234940 -14.377315 -14.518678 -14.660364 -14.802802 -14.945974 -15.089715 -15.233857 -15.378265
-14.843726 -14.877149 -14.965097 -15.094214 -15.246897 -15.406557 -15.562382 -15.710820 -15.853762 -15.994623 -16.135614 -16.277506 -16.420323 -16.563854 -16.707875
-14.076966 -14.130345 -14.228166 -14.356736 -14.502192 -14.653800 -14.804810 -14.952334 -15.096663 -15.239308 -15.381454 -15.523761 -15.666558 -15.809915 -15.953757
-14.442632 -14.559850 -14.698711 -14.848121 -14.999588 -15.148540 -15.294010 -15.437104 -15.579284 -15.721503 -15.864167 -16.007369 -16.151061 -16.295139 -16.439495
-14.272412 -14.424750 -14.572802 -14.716957 -14.859119 -15.000883 -15.143050 -15.285867 -15.429301 -15.573219 -15.717478 -15.861963 -16.006592 -16.151308 -16.296080
-14.158761 -14.298186 -14.449310 -14.602500 -14.752400 -14.898011 -15.040806 -15.182615 -15.324583 -15.467149 -15.610356 -15.754092 -15.898216 -16.042608 -16.187174
-14.572425 -14.662272 -14.792885 -14.945581 -15.104432 -15.259579 -15.407734 -15.550718 -15.691752 -15.832876 -15.974820 -16.117641 -16.261161 -16.405170 -16.549500
-14.230966 -14.381483 -14.541787 -14.699188 -14.848816 -14.992227 -15.133070 -15.273879 -15.415594 -15.558278 -15.701715 -15.845673 -15.989970 -16.134482 -16.279127
-14.439511 -14.483865 -14.579043 -14.710941 -14.862864 -15.020306 -15.174278 -15.321982 -15.465055 -15.606321 -15.747637 -15.889701 -16.032582 -16.176125 -16.320140
-15.589741 -15.454252 -15.361021 -15.321059 -15.335600 -15.399521 -15.503205 -15.634258 -15.780038 -15.930511 -16.079867 -16.226185 -16.369952 -16.512465 -16.654768
-13.777306 -13.833378 -13.938997 -14.078350 -14.234080 -14.392026 -14.544473 -14.690396 -14.832461 -14.973477 -15.114932 -15.257241 -15.400340 -15.544041 -15.688160
-14.686616 -14.581217 -14.528487 -14.532911 -14.591574 -14.695727 -14.832173 -14.985767 -15.143081 -15.295919 -15.442474 -15.584948 -15.726093 -15.867526 -16.009776
-14.316479 -14.472051 -14.621578 -14.765710 -14.907246 -15.048427 -15.190260 -15.332939 -15.476331 -15.620242 -15.764502 -15.908987 -16.053615 -16.198331 -16.343102
-14.414449 -14.569805 -14.728244 -14.881411 -15.027794 -15.169956 -15.310878 -15.452212 -15.594442 -15.737506 -15.881198 -16.025320 -16.169720 -16.314295 -16.458980
-14.074032 -14.209284 -14.361605 -14.518156 -14.670863 -14.817659 -14.960410 -15.101717 -15.243205 -15.385454 -15.528485 -15.672132 -15.816214 -15.960585 -16.105141
-14.655291 -14.804509 -14.963293 -15.119971 -15.269797 -15.413709 -15.554965 -15.695972 -15.837697 -15.980304 -16.123657 -16.267550 -16.411804 -16.556289 -16.700918
-14.037341 -14.182573 -14.324637 -14.465894 -14.607597 -14.750100 -14.893342 -15.037142 -15.181328 -15.325767 -15.470365 -15.615064 -15.759824 -15.904621 -16.049442
-13.957632 -14.099503 -14.242187 -14.385562 -14.529448 -14.673686 -14.818156 -14.962773 -15.107483 -15.252251 -15.397053 -15.541876 -15.686713 -15.831557 -15.976407
-15.240495 -15.133214 -15.076099 -15.073896 -15.124489 -15.220456 -15.350071 -15.499243 -15.654857 -15.808149 -15.956031 -16.099596 -16.241254 -16.382765 -16.524883
-14.043269 -14.196893 -14.345856 -14.490338 -14.632439 -14.774026 -14.916043 -15.058757 -15.202121 -15.345991 -15.490217 -15.634680 -15.779294 -15.924001 -16.068767
-14.351492 -14.497349 -14.648838 -14.799299 -14.946337 -15.090359 -15.232875 -15.375092 -15.517554 -15.660443 -15.803813 -15.947626 -16.091789 -16.236203 -16.380785
