-13.752297 -13.907954 -14.065986 -14.218536 -14.364407 -14.506295 -14.647144 -14.788534 -14.930881 -15.074073 -15.217872 -15.362072 -15.506525 -15.651134 -15.795839
-13.616061 -13.757339 -13.899717 -14.042972 -14.186827 -14.331066 -14.475543 -14.620168 -14.764883 -14.909654 -15.054458 -15.199283 -15.344120 -15.488965 -15.633815
-13.842935 -14.003990 -14.162974 -14.313736 -14.457472 -14.598143 -14.738688 -14.880226 -15.022827 -15.166236 -15.310188 -15.454486 -15.599001 -15.743648 -15.888377
-13.646633 -13.790993 -13.931733 -14.072118 -14.213463 -14.355905 -14.499201 -14.643079 -14.787329 -14.931814 -15.076443 -15.221161 -15.365933 -15.510738 -15.655563
-13.683881 -13.847033 -14.005222 -14.154176 -14.296566 -14.436734 -14.577308 -14.719049 -14.861851 -15.005409 -15.149461 -15.293823 -15.438378 -15.583049 -15.727793
-13.683590 -13.829341 -13.970836 -14.111383 -14.252623 -14.394913 -14.538087 -14.681880 -14.826078 -14.970529 -15.115138 -15.259843 -15.404607 -15.549407 -15.694230
-13.607915 -13.751020 -13.891585 -14.032261 -14.173971 -14.316714 -14.460222 -14.604239 -14.748578 -14.893118 -15.037781 -15.182519 -15.327304 -15.472116 -15.616947
-13.621700 -13.784042 -13.945514 -14.098166 -14.242560 -14.383081 -14.523270 -14.664515 -14.806924 -14.950217 -15.094100 -15.238358 -15.382848 -15.527480 -15.672200
-13.767757 -13.901951 -14.059309 -14.221496 -14.377474 -14.524762 -14.666544 -14.806802 -14.947662 -15.089648 -15.232615 -15.376278 -15.520395 -15.664797 -15.809376
-13.981969 -14.122341 -14.262647 -14.404040 -14.546553 -14.689908 -14.833828 -14.978107 -15.122610 -15.267250 -15.411975 -15.556751 -15.701559 -15.846386 -15.991224
-13.591095 -13.751647 -13.911352 -14.063078 -14.207393 -14.348216 -14.488687 -14.630095 -14.772584 -14.915914 -15.059815 -15.204081 -15.348575 -15.493210 -15.637931
-13.774378 -13.931741 -14.079279 -14.220728 -14.360629 -14.501281 -14.643165 -14.786079 -14.929710 -15.073807 -15.218198 -15.362769 -15.507451 -15.652201 -15.796993
-13.692615 -13.756447 -13.869859 -14.016670 -14.177925 -14.338110 -14.489962 -14.634184 -14.774871 -14.915257 -15.056634 -15.199119 -15.342453 -15.486358 -15.630629
-13.470222 -13.583797 -13.727447 -13.885556 -14.044273 -14.196216 -14.341175 -14.482477 -14.623138 -14.764566 -14.907021 -15.050314 -15.194187 -15.338435 -15.482918
-13.790034 -13.871620 -14.000214 -14.155813 -14.318734 -14.476230 -14.624666 -14.766886 -14.907112 -15.047792 -15.189605 -15.332441 -15.476014 -15.620072 -15.764436
-13.606022 -13.748195 -13.908321 -14.069726 -14.223270 -14.368511 -14.509427 -14.649649 -14.790803 -14.933124 -15.076359 -15.220206 -15.364442 -15.508919 -15.653543
-14.049400 -14.130109 -14.262296 -14.422147 -14.587405 -14.745133 -14.892654 -15.033922 -15.173670 -15.314254 -15.456130 -15.599058 -15.742707 -15.886818 -16.031218
-13.754301 -13.786034 -13.878973 -14.016682 -14.177295 -14.341077 -14.496880 -14.643206 -14.784204 -14.924130 -15.064963 -15.207039 -15.350105 -15.493843 -15.638009
-13.740399 -13.899986 -14.052527 -14.197665 -14.338897 -14.479434 -14.620763 -14.763154 -14.906406 -15.050255 -15.194488 -15.338962 -15.483584 -15.628297 -15.773067
-13.682587 -13.847278 -14.010713 -14.164216 -14.308507 -14.448617 -14.588503 -14.729599 -14.871942 -15.015205 -15.159073 -15.303322 -15.447806 -15.592436 -15.737154
-13.915145 -14.077021 -14.242706 -14.399770 -14.546410 -14.687150 -14.826758 -14.967402 -15.109391 -15.252419 -15.396141 -15.540300 -15.684729 -15.829325 -15.974022
-13.692587 -13.850033 -13.997742 -14.139301 -14.279213 -14.419846 -14.561731 -14.704661 -14.848312 -14.992424 -15.136824 -15.281402 -15.426088 -15.570841 -15.715634
-13.508063 -13.641619 -13.801579 -13.966448 -14.123737 -14.270990 -14.412208 -14.552006 -14.692648 -14.834568 -14.977525 -15.121193 -15.265315 -15.409721 -15.554303
-13.820858 -13.982847 -14.146239 -14.300925 -14.446366 -14.587011 -14.726943 -14.867909 -15.010120 -15.153289 -15.297096 -15.441307 -15.585768 -15.730384 -15.875093
-14.161045 -14.268177 -14.412201 -14.572684 -14.733398 -14.886358 -15.031406 -15.172403 -15.312777 -15.454014 -15.596344 -15.739555 -15.883377 -16.027593 -16.172056
-13.617723 -13.757628 -13.898059 -14.039732 -14.182499 -14.326036 -14.470075 -14.614430 -14.758979 -14.903648 -15.048390 -15.193177 -15.337991 -15.482822 -15.627663
-13.628816 -13.769539 -13.930822 -14.093893 -14.248577 -14.394161 -14.534935 -14.674923 -14.815899 -14.958106 -15.101268 -15.245071 -15.389278 -15.533738 -15.678352
-13.733945 -13.897389 -14.051163 -14.195681 -14.335902 -14.475800 -14.616866 -14.759178 -14.902416 -15.046267 -15.190505 -15.334983 -15.479608 -15.624324 -15.769094
-13.667165 -13.813656 -13.954790 -14.094780 -14.235621 -14.377675 -14.520712 -14.664426 -14.808576 -14.952999 -15.097590 -15.242285 -15.387043 -15.531839 -15.676659
-14.005937 -14.056158 -14.156655 -14.294391 -14.452058 -14.613133 -14.767666 -14.914039 -15.055588 -15.195959 -15.337017 -15.479182 -15.622280 -15.766030 -15.910202
-13.828253 -13.990829 -14.142655 -14.285720 -14.425444 -14.565415 -14.706707 -14.849220 -14.992599 -15.136542 -15.280838 -15.425351 -15.569998 -15.714727 -15.859505
-13.424406 -13.585699 -13.741591 -13.889185 -14.031299 -14.171724 -14.312624 -14.454605 -14.597557 -14.741206 -14.885312 -15.029707 -15.174281 -15.318965 -15.463716
-13.820031 -13.986309 -14.150646 -14.304201 -14.448099 -14.587838 -14.727551 -14.868619 -15.010994 -15.154295 -15.298192 -15.442461 -15.586959 -15.731596 -15.876319
-13.884829 -14.037196 -14.182855 -14.324662 -14.465526 -14.606946 -14.749299 -14.892477 -15.036254 -15.180433 -15.324871 -15.469470 -15.614169 -15.758929 -15.903727
-13.798554 -13.904294 -14.041377 -14.195434 -14.353108 -14.506099 -14.652611 -14.794949 -14.935972 -15.077350 -15.219604 -15.362690 -15.506400 -15.650534 -15.794943
-13.644949 -13.809687 -13.967687 -14.115715 -14.257329 -14.397179 -14.537737 -14.679561 -14.822447 -14.966069 -15.110162 -15.254551 -15.399122 -15.543804 -15.688554
-13.488804 -13.595956 -13.735175 -13.891403 -14.050413 -14.203620 -14.349669 -14.491460 -14.632158 -14.773438 -14.915723 -15.058882 -15.202662 -15.346851 -15.491297
-13.661377 -13.819684 -13.969427 -14.112493 -14.252954 -14.393552 -14.535221 -14.677944 -14.821444 -14.965458 -15.109796 -15.254334 -15.398997 -15.543735 -15.688519
-13.677998 -13.835100 -13.983701 -14.126243 -14.266681 -14.407438 -14.549257 -14.692076 -14.835631 -14.979676 -15.124032 -15.268582 -15.413251 -15.557993 -15.702780
-13.680921 -13.831598 -13.974444 -14.114373 -14.254590 -14.396060 -14.538687 -14.682139 -14.826126 -14.970450 -15.114980 -15.259638 -15.404373 -15.549156 -15.693967
-13.920329 -14.074205 -14.235689 -14.392576 -14.541059 -14.683575 -14.824027 -14.964808 -15.106658 -15.249509 -15.393090 -15.537153 -15.681520 -15.826078 -15.970751
-13.562860 -13.707660 -13.848368 -13.988573 -14.129764 -14.272111 -14.415356 -14.559205 -14.703439 -14.847915 -14.992538 -15.137252 -15.282022 -15.426826 -15.571651
-13.846023 -14.004861 -14.164572 -14.317377 -14.462787 -14.604190 -14.744794 -14.886097 -15.028406 -15.171569 -15.315345 -15.459527 -15.603968 -15.748569 -15.893270
-13.615191 -13.778891 -13.942666 -14.097015 -14.241929 -14.382271 -14.522140 -14.663137 -14.805386 -14.948580 -15.092401 -15.236619 -15.381085 -15.525703 -15.670414
-13.539740 -13.680544 -13.821209 -13.962817 -14.105453 -14.248879 -14.392840 -14.537143 -14.681660 -14.826308 -14.971038 -15.115817 -15.260627 -15.405455 -15.550294
-13.871556 -14.032268 -14.188812 -14.337306 -14.479958 -14.620513 -14.761343 -14.903217 -15.046084 -15.189679 -15.333752 -15.478127 -15.622688 -15.767365 -15.912112
-13.808467 -13.966468 -14.125420 -14.277678 -14.422849 -14.564229 -14.704884 -14.846271 -14.988677 -15.131929 -15.275771 -15.419999 -15.564468 -15.709088 -15.853800
-13.867639 -14.009208 -14.149725 -14.290913 -14.433159 -14.576303 -14.720078 -14.864264 -15.008709 -15.153313 -15.298016 -15.442779 -15.587578 -15.732400 -15.877236
-13.685479 -13.845433 -13.996005 -14.139108 -14.279282 -14.419618 -14.561138 -14.703796 -14.847268 -14.991270 -15.135603 -15.280139 -15.424800 -15.569537 -15.714321
-13.711632 -13.869546 -14.030302 -14.184364 -14.330412 -14.471848 -14.612234 -14.753352 -14.895580 -15.038729 -15.182515 -15.326711 -15.471162 -15.615771 -15.760476
-13.514700 -13.659533 -13.800453 -13.940826 -14.082114 -14.224520 -14.367802 -14.511676 -14.655926 -14.800412 -14.945041 -15.089759 -15.234531 -15.379337 -15.524162
-13.531325 -13.690703 -13.857746 -14.017482 -14.166101 -14.307483 -14.446948 -14.587253 -14.728949 -14.871773 -15.015362 -15.159438 -15.303817 -15.448381 -15.593060
-13.563135 -13.722823 -13.874789 -14.019338 -14.160267 -14.300749 -14.442137 -14.584605 -14.727921 -14.871813 -15.016074 -15.160565 -15.305198 -15.449918 -15.594692
-13.632023 -13.745607 -13.896453 -14.061671 -14.223589 -14.375183 -14.518357 -14.658218 -14.798267 -14.939612 -15.082170 -15.225585 -15.369553 -15.513865 -15.658388
-13.521251 -13.680159 -13.840068 -13.992794 -14.137953 -14.279129 -14.419606 -14.560902 -14.703280 -14.846530 -14.990380 -15.134614 -15.279089 -15.423712 -15.568426
-13.638186 -13.792084 -13.954040 -14.111466 -14.260335 -14.402975 -14.543403 -14.684116 -14.825892 -14.968680 -15.112215 -15.256248 -15.400597 -15.545142 -15.689809
-13.691882 -13.852468 -14.010873 -14.161363 -14.305097 -14.445870 -14.586505 -14.728088 -14.870703 -15.014114 -15.158066 -15.302364 -15.446878 -15.591525 -15.736254
-13.647824 -13.789538 -13.929987 -14.071059 -14.213213 -14.356294 -14.500031 -14.644193 -14.788622 -14.933218 -15.077914 -15.222674 -15.367471 -15.512292 -15.657126
-13.701393 -13.844665 -13.988532 -14.132778 -14.277260 -14.421887 -14.566604 -14.711375 -14.856180 -15.001005 -15.145843 -15.290688 -15.435538 -15.580391 -15.725245
-13.730435 -13.857113 -14.009899 -14.171259 -14.328597 -14.477569 -14.620347 -14.760847 -14.901578 -15.043360 -15.186157 -15.329700 -15.473739 -15.618092 -15.762639
-13.918716 -14.080544 -14.242575 -14.395978 -14.540821 -14.681454 -14.821581 -14.962732 -15.105068 -15.248311 -15.392163 -15.536401 -15.680878 -15.825503 -15.970218
-13.580001 -13.725075 -13.865860 -14.006034 -14.147177 -14.289490 -14.432715 -14.576553 -14.720782 -14.865254 -15.009876 -15.154589 -15.299358 -15.444162 -15.588986
-13.639781 -13.788427 -13.930977 -14.071392 -14.212131 -14.353962 -14.496812 -14.640398 -14.784467 -14.928840 -15.073400 -15.218075 -15.362822 -15.507611 -15.652427
-13.807288 -13.952584 -14.093272 -14.233294 -14.374322 -14.516558 -14.659732 -14.803538 -14.947747 -15.092207 -15.236821 -15.381529 -15.526296 -15.671097 -15.815921
-13.709595 -13.866278 -14.023968 -14.175650 -14.320856 -14.462495 -14.603369 -14.744873 -14.887326 -15.030591 -15.174436 -15.318662 -15.463131 -15.607750 -15.752461
-13.422864 -13.578197 -13.723365 -13.863523 -14.003160 -14.144013 -14.286190 -14.429349 -14.573153 -14.717363 -14.861824 -15.006438 -15.151148 -15.295914 -15.440716
-13.598760 -13.742307 -13.883207 -14.024023 -14.165748 -14.308457 -14.451927 -14.595913 -14.740232 -14.884758 -15.029412 -15.174146 -15.318927 -15.463738 -15.608567
-13.692134 -13.854462 -14.010320 -14.157441 -14.299128 -14.439364 -14.580238 -14.722244 -14.865225 -15.008896 -15.153017 -15.297422 -15.442002 -15.586690 -15.731443
-13.643949 -13.792676 -13.952993 -14.111333 -14.261792 -14.405507 -14.546264 -14.686892 -14.828490 -14.971134 -15.114575 -15.258549 -15.402862 -15.547386 -15.692039
-13.847073 -13.980884 -14.137097 -14.298364 -14.453961 -14.601331 -14.743357 -14.883793 -15.024730 -15.166734 -15.309695 -15.453347 -15.597454 -15.741850 -15.886424
-13.877161 -13.995781 -14.143626 -14.303237 -14.461314 -14.612000 -14.756079 -14.897094 -15.037822 -15.179401 -15.321975 -15.465343 -15.609262 -15.753537 -15.898037
-13.792057 -13.904749 -14.048742 -14.207745 -14.367181 -14.519371 -14.664228 -14.805332 -14.945856 -15.087229 -15.229675 -15.372977 -15.516861 -15.661118 -15.805608
-13.903323 -13.935357 -14.021442 -14.149597 -14.303008 -14.464285 -14.621210 -14.769832 -14.912462 -15.052963 -15.193747 -15.335582 -15.478416 -15.621983 -15.766037
-14.060303 -14.220653 -14.375416 -14.522404 -14.664436 -14.805011 -14.946077 -15.088167 -15.231178 -15.374858 -15.518982 -15.663387 -15.807966 -15.952654 -16.097407
-13.609031 -13.766922 -13.930398 -14.087177 -14.234566 -14.376108 -14.516110 -14.656836 -14.798791 -14.941770 -15.085453 -15.229585 -15.373998 -15.518584 -15.663275
-13.814490 -13.974476 -14.125936 -14.269894 -14.410512 -14.550934 -14.692359 -14.834872 -14.978219 -15.122130 -15.266402 -15.410899 -15.555536 -15.700259 -15.845034
-13.669483 -13.814102 -13.954357 -14.094251 -14.235309 -14.377616 -14.520852 -14.664703 -14.808942 -14.953420 -15.098045 -15.242761 -15.387532 -15.532336 -15.677161
-13.832198 -13.983291 -14.127989 -14.269410 -14.410276 -14.551846 -14.694362 -14.837669 -14.981539 -15.125780 -15.270257 -15.414881 -15.559595 -15.704365 -15.849169
-13.835495 -13.960033 -14.110464 -14.270631 -14.427969 -14.577504 -14.720785 -14.861506 -15.002259 -15.143997 -15.286748 -15.430261 -15.574281 -15.718622 -15.863164
-13.680166 -13.829236 -13.971955 -14.112392 -14.253084 -14.394826 -14.537579 -14.681082 -14.825090 -14.969421 -15.113956 -15.258615 -15.403351 -15.548135 -15.692947
-13.614556 -13.776056 -13.930150 -14.075932 -14.217150 -14.357451 -14.498547 -14.640760 -14.783889 -14.927656 -15.071837 -15.216278 -15.360880 -15.505581 -15.650343
-13.763476 -13.912244 -14.074996 -14.235669 -14.387301 -14.531099 -14.671508 -14.811804 -14.953183 -15.095692 -15.239048 -15.382969 -15.527249 -15.671752 -15.816393
-13.802665 -13.954966 -14.099272 -14.239853 -14.380125 -14.521424 -14.663860 -14.807167 -14.951057 -15.095319 -15.239811 -15.384445 -15.529166 -15.673939 -15.818746
-13.613995 -13.775548 -13.929696 -14.075507 -14.216727 -14.357021 -14.498110 -14.640317 -14.783442 -14.927207 -15.071387 -15.215827 -15.360429 -15.505130 -15.649892
-13.760495 -13.890175 -14.050781 -14.217651 -14.376625 -14.524581 -14.665691 -14.805164 -14.945565 -15.087350 -15.230237 -15.373866 -15.517967 -15.662360 -15.806934
-13.721355 -13.863201 -14.003926 -14.145205 -14.287467 -14.430598 -14.574353 -14.718522 -14.862955 -15.007551 -15.152248 -15.297008 -15.441805 -15.586626 -15.731461
-13.510491 -13.673028 -13.826250 -13.970682 -14.111012 -14.251025 -14.392179 -14.534559 -14.677847 -14.821731 -14.965991 -15.110482 -15.255116 -15.399836 -15.544610
-13.741505 -13.892324 -14.051241 -14.207127 -14.355883 -14.499102 -14.640086 -14.781095 -14.922976 -15.065781 -15.209302 -15.353315 -15.497647 -15.642181 -15.786840
-13.598743 -13.740038 -13.882479 -14.025792 -14.169688 -14.313953 -14.458447 -14.603082 -14.747803 -14.892577 -15.037384 -15.182210 -15.327048 -15.471894 -15.616744
-13.879300 -14.023262 -14.187080 -14.350851 -14.505140 -14.650018 -14.790319 -14.930167 -15.071167 -15.213430 -15.356638 -15.500472 -15.644700 -15.789172 -15.933794
-13.814796 -13.898827 -14.030918 -14.189013 -14.352646 -14.509665 -14.657315 -14.799008 -14.939069 -15.079781 -15.221677 -15.364587 -15.508213 -15.652306 -15.796693
-13.690349 -13.846162 -14.004335 -14.156951 -14.302847 -14.444749 -14.585604 -14.726989 -14.869319 -15.012490 -15.156271 -15.300456 -15.444899 -15.589501 -15.734203
-13.774959 -13.906970 -14.063489 -14.225791 -14.382336 -14.530137 -14.672152 -14.812428 -14.953222 -15.095132 -15.238038 -15.381659 -15.525748 -15.670133 -15.814701
-13.729256 -13.885123 -14.034801 -14.178917 -14.320364 -14.461470 -14.603270 -14.745950 -14.889360 -15.033292 -15.177569 -15.322067 -15.466703 -15.611425 -15.756199
-13.566080 -13.709315 -13.868887 -14.029101 -14.181904 -14.327043 -14.468215 -14.608706 -14.749992 -14.892331 -15.035532 -15.179339 -15.323541 -15.467994 -15.612603
-13.574304 -13.736236 -13.898990 -14.053094 -14.198255 -14.338898 -14.478925 -14.619975 -14.762239 -14.905437 -15.049260 -15.193481 -15.337947 -15.482566 -15.627277
-13.647306 -13.771110 -13.926175 -14.090660 -14.249985 -14.399427 -14.541770 -14.681742 -14.822157 -14.963798 -15.106537 -15.250057 -15.394084 -15.538431 -15.682976
-13.890398 -14.020319 -14.178706 -14.343408 -14.501392 -14.649464 -14.791139 -14.931047 -15.071629 -15.213440 -15.356298 -15.499890 -15.643962 -15.788337 -15.932898
-13.755986 -13.858828 -14.005958 -14.171345 -14.335252 -14.488894 -14.633053 -14.773011 -14.912817 -15.053884 -15.196224 -15.339490 -15.483362 -15.627613 -15.772099
-13.562152 -13.701097 -13.861107 -14.023859 -14.178902 -14.324965 -14.466033 -14.606104 -14.747050 -14.889197 -15.032307 -15.176072 -15.320255 -15.464699 -15.609303
-13.586648 -13.711617 -13.868490 -14.034154 -14.193721 -14.342829 -14.484748 -14.624478 -14.764831 -14.906492 -15.049271 -15.192825 -15.336877 -15.481240 -15.625795
-13.706848 -13.869236 -14.023596 -14.169212 -14.310169 -14.450311 -14.591353 -14.733561 -14.876700 -15.020478 -15.164667 -15.309114 -15.453719 -15.598423 -15.743186
-13.761379 -13.791605 -13.880945 -14.015131 -14.173877 -14.337514 -14.494065 -14.641186 -14.782585 -14.922566 -15.063319 -15.205300 -15.348294 -15.491984 -15.636121
-13.670046 -13.825873 -13.986788 -14.142104 -14.289285 -14.431248 -14.571686 -14.712657 -14.854713 -14.997728 -15.141421 -15.285557 -15.429971 -15.574556 -15.719248
-13.880876 -14.022319 -14.164804 -14.308123 -14.452014 -14.596274 -14.740764 -14.885397 -15.030117 -15.174890 -15.319696 -15.464522 -15.609360 -15.754205 -15.899055
-13.575156 -13.724315 -13.867976 -14.009209 -14.150286 -14.292139 -14.434886 -14.578352 -14.722323 -14.866628 -15.011144 -15.155792 -15.300521 -15.445300 -15.590110
-13.749585 -13.866523 -14.017895 -14.182254 -14.343172 -14.494171 -14.637244 -14.777243 -14.917437 -15.058874 -15.201484 -15.344928 -15.488913 -15.633235 -15.777764
-13.714963 -13.875087 -14.033657 -14.184431 -14.328344 -14.469161 -14.609771 -14.751328 -14.893934 -15.037346 -15.181301 -15.325602 -15.470118 -15.614766 -15.759495
-13.798681 -13.962434 -14.124316 -14.276678 -14.420598 -14.560838 -14.700952 -14.842214 -14.984660 -15.127982 -15.271884 -15.416153 -15.560650 -15.705287 -15.850009
-13.738854 -13.885657 -14.028030 -14.168978 -14.310270 -14.452463 -14.595511 -14.739200 -14.883322 -15.027724 -15.172300 -15.316986 -15.461738 -15.606531 -15.751349
-13.636852 -13.660682 -13.745228 -13.876573 -14.034418 -14.198502 -14.355942 -14.503705 -14.645317 -14.785249 -14.925884 -15.067767 -15.210694 -15.354342 -15.498453
-13.391186 -13.551506 -13.712374 -13.865311 -14.010228 -14.151098 -14.291397 -14.432637 -14.575019 -14.718289 -14.862157 -15.006405 -15.150889 -15.295518 -15.440235
-13.721251 -13.862427 -14.003114 -14.144598 -14.287089 -14.430395 -14.574271 -14.718518 -14.863000 -15.007626 -15.152343 -15.297114 -15.441918 -15.586743 -15.731581
-13.513015 -13.671200 -13.837195 -13.996334 -14.144848 -14.286401 -14.426024 -14.566414 -14.708155 -14.851006 -14.994613 -15.138701 -15.283086 -15.427655 -15.572335
-13.749222 -13.908385 -14.058471 -14.201485 -14.341775 -14.482238 -14.623832 -14.766517 -14.909997 -15.053999 -15.198331 -15.342866 -15.487527 -15.632263 -15.777047
-13.497676 -13.650062 -13.793517 -13.933339 -14.073263 -14.214490 -14.356955 -14.500306 -14.644231 -14.788516 -14.933023 -15.077666 -15.222392 -15.367170 -15.511978
-13.869265 -14.026188 -14.184056 -14.335856 -14.481128 -14.622793 -14.763667 -14.905151 -15.047570 -15.190801 -15.334618 -15.478825 -15.623280 -15.767891 -15.912597
-13.728024 -13.871874 -14.016111 -14.160588 -14.305213 -14.449928 -14.594699 -14.739503 -14.884328 -15.029165 -15.174010 -15.318860 -15.463713 -15.608567 -15.753422
-13.523993 -13.683106 -13.838905 -13.987450 -14.130481 -14.271356 -14.412340 -14.554250 -14.697106 -14.840678 -14.984731 -15.129092 -15.273644 -15.418315 -15.563058
-13.720642 -13.855010 -14.013225 -14.176018 -14.332169 -14.479367 -14.621004 -14.761175 -14.902005 -15.043984 -15.186947 -15.330607 -15.474721 -15.619121 -15.763698
-13.830954 -13.990110 -14.141394 -14.285553 -14.426404 -14.566956 -14.708433 -14.850965 -14.994319 -15.138234 -15.282509 -15.427008 -15.571646 -15.716370 -15.861145
-13.673713 -13.818196 -13.959326 -14.100007 -14.241525 -14.384071 -14.527435 -14.671358 -14.815638 -14.960141 -15.104782 -15.249506 -15.394283 -15.539090 -15.683917
-13.882381 -14.034907 -14.180538 -14.322260 -14.463062 -14.604450 -14.746788 -14.889956 -15.033727 -15.177903 -15.322338 -15.466935 -15.611634 -15.756394 -15.901191
-13.601990 -13.713936 -13.857782 -14.016726 -14.176140 -14.328369 -14.473287 -14.614446 -14.754999 -14.896370 -15.038798 -15.182077 -15.325942 -15.470185 -15.614665
-13.734108 -13.866225 -14.023500 -14.186566 -14.343348 -14.490987 -14.632779 -14.772918 -14.913669 -15.055589 -15.198515 -15.342152 -15.486252 -15.630644 -15.775215
-13.503289 -13.658704 -13.806052 -13.948133 -14.088616 -14.229585 -14.371620 -14.514609 -14.658281 -14.802402 -14.946806 -15.091386 -15.236073 -15.380826 -15.525620
-13.625431 -13.785430 -13.948958 -14.104909 -14.251528 -14.392743 -14.532759 -14.673592 -14.815627 -14.958645 -15.102345 -15.246485 -15.390902 -15.535489 -15.680182
-13.849205 -14.015781 -14.181330 -14.335981 -14.480359 -14.620073 -14.759613 -14.900534 -15.042812 -15.186054 -15.329916 -15.474163 -15.618647 -15.763276 -15.907994
-13.866738 -14.012687 -14.153993 -14.294319 -14.435403 -14.577590 -14.720695 -14.864445 -15.008616 -15.153051 -15.297649 -15.442348 -15.587109 -15.731907 -15.876728
-13.697868 -13.859899 -14.020729 -14.172900 -14.317144 -14.457736 -14.598038 -14.739359 -14.881805 -15.025112 -15.169000 -15.313258 -15.457748 -15.602380 -15.747100
-13.626158 -13.730681 -13.874302 -14.035919 -14.197954 -14.351515 -14.496520 -14.637247 -14.777398 -14.918529 -15.060830 -15.204042 -15.347871 -15.492093 -15.636560
-13.721045 -13.867764 -14.009700 -14.150294 -14.291411 -14.433545 -14.576586 -14.720282 -14.864414 -15.008823 -15.153405 -15.298093 -15.442847 -15.587642 -15.732460
-13.749555 -13.892842 -14.051546 -14.211002 -14.363389 -14.508440 -14.649647 -14.790191 -14.931542 -15.073954 -15.217225 -15.361087 -15.505330 -15.649809 -15.794435
-13.622209 -13.784892 -13.940529 -14.087221 -14.228621 -14.368756 -14.509642 -14.651703 -14.794739 -14.938451 -15.082600 -15.227022 -15.371612 -15.516306 -15.661064
-13.559530 -13.700799 -13.858562 -14.017996 -14.170878 -14.316445 -14.457945 -14.598564 -14.739867 -14.882193 -15.025382 -15.169181 -15.313380 -15.457832 -15.602441
-13.744587 -13.892963 -14.035416 -14.175838 -14.316622 -14.458502 -14.601393 -14.745009 -14.889098 -15.033483 -15.178052 -15.322732 -15.467482 -15.612273 -15.757090
-13.485238 -13.588678 -13.730998 -13.892175 -14.054431 -14.208360 -14.353589 -14.494352 -14.634454 -14.775539 -14.917821 -15.061030 -15.204860 -15.349084 -15.493554
-13.475607 -13.617535 -13.760447 -13.904070 -14.048162 -14.192548 -14.337116 -14.481796 -14.626546 -14.771337 -14.916154 -15.060986 -15.205828 -15.350676 -15.495528
-13.791992 -13.949811 -14.099896 -14.243493 -14.384289 -14.524995 -14.666653 -14.809333 -14.952794 -15.096779 -15.241099 -15.385627 -15.530282 -15.675016 -15.819798
-13.798281 -13.947763 -14.091098 -14.231896 -14.372697 -14.514447 -14.657191 -14.800689 -14.944696 -15.089028 -15.233563 -15.378223 -15.522959 -15.667743 -15.812555
-13.605694 -13.765085 -13.922850 -14.073196 -14.217061 -14.358002 -14.498738 -14.640374 -14.783020 -14.926452 -15.070416 -15.214721 -15.359240 -15.503889 -15.648620
-13.683383 -13.824998 -13.965381 -14.106431 -14.248591 -14.391691 -14.535444 -14.679619 -14.824057 -14.968658 -15.113358 -15.258120 -15.402918 -15.547740 -15.692575
-14.005937 -14.056158 -14.156655 -14.294391 -14.452058 -14.613133 -14.767666 -14.914039 -15.055588 -15.195959 -15.337017 -15.479182 -15.622280 -15.766030 -15.910202
-13.954171 -14.104226 -14.265154 -14.423496 -14.573761 -14.717295 -14.857979 -14.998606 -15.140211 -15.282853 -15.426286 -15.570254 -15.714563 -15.859084 -16.003736
-13.904962 -13.993654 -14.121416 -14.273368 -14.433513 -14.590050 -14.738814 -14.881731 -15.022424 -15.163282 -15.305132 -15.447964 -15.591527 -15.735578 -15.879937
-13.779623 -13.943565 -14.103585 -14.254008 -14.396961 -14.537091 -14.677438 -14.818960 -14.961598 -15.105046 -15.249027 -15.393345 -15.537872 -15.682527 -15.827261
-13.734782 -13.875626 -14.016447 -14.158189 -14.300908 -14.444380 -14.588365 -14.732682 -14.877207 -15.021861 -15.166594 -15.311375 -15.456185 -15.601014 -15.745854
-13.570485 -13.727122 -13.889987 -14.046806 -14.194512 -14.336323 -14.476441 -14.617176 -14.759105 -14.902056 -15.045719 -15.189838 -15.334243 -15.478823 -15.623511
-13.480821 -13.624718 -13.765444 -13.905978 -14.047493 -14.190081 -14.333485 -14.477437 -14.621736 -14.766251 -14.910898 -15.055627 -15.200406 -15.345216 -15.490044
-13.951203 -14.109745 -14.267860 -14.419005 -14.563477 -14.704647 -14.845369 -14.986905 -15.129453 -15.272812 -15.416728 -15.561004 -15.705504 -15.850143 -15.994866
-13.611590 -13.767306 -13.913617 -14.054635 -14.194583 -14.335432 -14.477518 -14.620589 -14.764329 -14.908498 -15.052932 -15.197531 -15.342230 -15.486991 -15.631789
-13.657178 -13.798169 -13.955863 -14.115490 -14.268555 -14.414167 -14.555616 -14.696171 -14.837441 -14.979766 -15.122971 -15.266788 -15.411002 -15.555463 -15.700078
-13.495349 -13.661381 -13.817360 -13.962791 -14.102893 -14.242396 -14.383158 -14.525291 -14.668431 -14.812227 -14.956432 -15.100891 -15.245504 -15.390213 -15.534979
-13.597086 -13.738798 -13.879453 -14.020716 -14.162988 -14.306134 -14.449904 -14.594084 -14.738524 -14.883125 -15.027826 -15.172587 -15.317386 -15.462207 -15.607043
-13.599330 -13.763245 -13.921008 -14.069158 -14.210982 -14.350965 -14.491570 -14.633401 -14.776285 -14.919902 -15.063992 -15.208379 -15.352948 -15.497629 -15.642378
-13.633615 -13.763024 -13.917350 -14.078935 -14.235721 -14.384055 -14.526482 -14.666913 -14.807705 -14.949570 -15.092431 -15.236018 -15.380084 -15.524453 -15.669011
-13.619960 -13.780228 -13.938785 -14.089539 -14.233458 -14.374293 -14.514917 -14.656471 -14.799064 -14.942460 -15.086402 -15.230694 -15.375204 -15.519849 -15.664576
-13.605409 -13.761303 -13.908724 -14.050668 -14.191004 -14.331889 -14.473892 -14.616874 -14.760548 -14.904672 -15.049078 -15.193659 -15.338348 -15.483101 -15.627896
-13.550831 -13.689086 -13.851964 -14.017445 -14.173849 -14.319934 -14.460455 -14.600076 -14.740800 -14.882863 -15.025943 -15.169698 -15.313878 -15.458320 -15.602923
-13.674857 -13.840761 -14.000180 -14.149024 -14.290770 -14.430462 -14.570834 -14.712520 -14.855314 -14.998876 -15.142933 -15.287299 -15.431855 -15.576528 -15.721273
-13.729424 -13.894021 -14.055877 -14.207769 -14.351262 -14.491306 -14.631396 -14.772704 -14.915204 -15.058570 -15.202503 -15.346792 -15.491302 -15.635946 -15.780673
-13.681232 -13.839170 -13.990189 -14.134635 -14.275842 -14.416605 -14.558164 -14.700716 -14.844070 -14.987979 -15.132249 -15.276745 -15.421380 -15.566102 -15.710877
-13.685901 -13.835726 -13.978861 -14.119385 -14.260008 -14.401653 -14.544323 -14.687767 -14.831736 -14.976043 -15.120562 -15.265212 -15.409943 -15.554723 -15.699532
-13.511002 -13.651110 -13.792448 -13.934982 -14.078376 -14.222329 -14.366630 -14.511148 -14.655797 -14.800528 -14.945307 -15.090117 -15.234945 -15.379785 -15.524631
-13.690264 -13.836994 -13.978838 -14.119341 -14.260413 -14.402543 -14.545600 -14.689316 -14.833464 -14.977884 -15.122473 -15.267166 -15.411923 -15.556719 -15.701539
-13.744632 -13.905102 -14.060322 -14.207700 -14.349891 -14.490465 -14.631470 -14.773498 -14.916465 -15.060117 -15.204223 -15.348618 -15.493191 -15.637875 -15.782626
-13.686003 -13.850002 -14.009281 -14.158873 -14.301367 -14.441399 -14.581818 -14.723451 -14.866189 -15.009711 -15.153742 -15.298092 -15.442638 -15.587305 -15.732046
-13.795964 -13.956022 -14.113025 -14.262295 -14.405489 -14.546240 -14.687050 -14.828826 -14.971596 -15.115114 -15.259135 -15.403476 -15.548016 -15.692680 -15.837418
-13.741334 -13.896293 -14.043751 -14.186134 -14.326843 -14.467907 -14.609956 -14.752929 -14.896581 -15.040686 -15.185079 -15.329651 -15.474334 -15.619085 -15.763877
-14.045507 -14.176977 -14.330919 -14.491208 -14.646915 -14.794831 -14.937312 -15.077937 -15.218888 -15.360851 -15.503770 -15.647392 -15.791480 -15.935863 -16.080429
-13.747887 -13.906923 -14.061061 -14.208027 -14.350301 -14.491096 -14.632281 -14.774423 -14.917454 -15.061141 -15.205265 -15.349669 -15.494248 -15.638935 -15.783688
-13.698840 -13.853630 -14.000887 -14.143188 -14.283915 -14.425018 -14.567080 -14.710042 -14.853674 -14.997760 -15.142139 -15.286702 -15.431379 -15.576126 -15.720915
-13.767046 -13.922565 -14.083424 -14.238826 -14.386121 -14.528145 -14.668591 -14.809551 -14.951598 -15.094607 -15.238298 -15.382434 -15.526848 -15.671433 -15.816125
-13.873538 -13.940454 -14.062535 -14.217440 -14.382284 -14.542043 -14.691796 -14.834235 -14.974181 -15.114544 -15.256135 -15.398835 -15.542326 -15.686335 -15.830671
-13.724654 -13.856686 -14.011864 -14.173299 -14.329437 -14.477165 -14.619283 -14.759653 -14.900509 -15.042477 -15.185434 -15.329094 -15.473210 -15.617612 -15.762190
-13.730374 -13.853043 -14.007109 -14.171573 -14.331257 -14.480990 -14.623433 -14.763360 -14.903707 -15.045316 -15.188054 -15.331583 -15.475620 -15.619975 -15.764525
-13.681953 -13.813517 -13.969870 -14.132448 -14.289173 -14.436964 -14.578910 -14.719120 -14.859885 -15.001802 -15.144726 -15.288363 -15.432464 -15.576856 -15.721428
-13.720373 -13.877339 -14.037695 -14.191854 -14.338181 -14.479838 -14.620315 -14.761436 -14.903635 -15.046752 -15.190513 -15.334692 -15.479133 -15.623735 -15.768436
-13.413648 -13.569509 -13.715354 -13.855882 -13.995583 -14.136381 -14.278496 -14.421612 -14.565389 -14.709582 -14.854033 -14.998642 -15.143347 -15.288111 -15.432912
-13.780689 -13.938799 -14.086321 -14.227427 -14.367044 -14.507565 -14.649423 -14.792350 -14.936003 -15.080117 -15.224519 -15.369098 -15.513785 -15.658538 -15.803331
-13.747033 -13.911301 -14.071349 -14.221611 -14.364399 -14.504439 -14.644763 -14.786298 -14.928960 -15.072429 -15.216427 -15.360755 -15.505289 -15.649948 -15.794684
-13.657512 -13.798576 -13.940861 -14.084080 -14.227919 -14.372150 -14.516623 -14.661246 -14.805960 -14.950729 -15.095533 -15.240358 -15.385195 -15.530040 -15.674890
-13.675518 -13.827872 -13.989579 -14.147440 -14.296730 -14.439562 -14.579981 -14.720625 -14.862359 -15.005138 -15.148679 -15.292719 -15.437074 -15.581624 -15.726293
-13.837157 -13.987618 -14.147511 -14.304601 -14.454089 -14.597445 -14.738256 -14.879060 -15.020805 -15.163541 -15.307034 -15.451039 -15.595370 -15.739905 -15.884565
-13.699422 -13.847674 -13.989108 -14.128736 -14.269163 -14.410930 -14.553794 -14.697407 -14.841496 -14.985883 -15.130452 -15.275133 -15.419883 -15.564675 -15.709492
-13.590612 -13.732770 -13.875905 -14.019691 -14.163890 -14.308344 -14.452955 -14.597661 -14.742426 -14.887227 -15.032050 -15.176886 -15.321730 -15.466580 -15.611432
-13.874609 -14.002357 -14.160602 -14.326251 -14.485124 -14.633610 -14.775243 -14.914952 -15.055386 -15.197131 -15.339970 -15.483564 -15.627642 -15.772021 -15.916585
-13.656251 -13.814242 -13.964676 -14.108562 -14.249503 -14.390230 -14.531841 -14.674454 -14.817851 -14.961789 -15.106076 -15.250583 -15.395225 -15.539951 -15.684728
-13.772361 -13.926247 -14.073297 -14.215737 -14.356643 -14.497876 -14.640033 -14.783070 -14.926761 -15.070889 -15.215297 -15.359878 -15.504566 -15.649320 -15.794114
-13.817456 -13.982486 -14.139494 -14.286397 -14.427409 -14.567147 -14.707811 -14.849777 -14.992779 -15.136479 -15.280624 -15.425044 -15.569634 -15.714328 -15.859085
-13.360234 -13.526375 -13.682014 -13.827039 -13.966932 -14.106412 -14.247212 -14.389381 -14.532544 -14.676353 -14.820567 -14.965031 -15.109647 -15.254358 -15.399125
-13.641827 -13.783070 -13.922924 -14.063608 -14.205554 -14.348527 -14.492205 -14.636333 -14.780743 -14.925327 -15.070017 -15.214772 -15.359567 -15.504386 -15.649219
-13.565071 -13.706121 -13.845822 -13.986438 -14.128360 -14.271327 -14.415002 -14.559130 -14.703540 -14.848123 -14.992813 -15.137568 -15.282363 -15.427182 -15.572016
-13.790703 -13.945862 -14.094421 -14.237773 -14.378948 -14.520085 -14.662027 -14.804854 -14.948382 -15.092395 -15.236727 -15.381261 -15.525919 -15.670655 -15.815437
-13.963454 -14.117892 -14.279931 -14.437116 -14.585636 -14.728042 -14.868379 -15.009099 -15.150929 -15.293779 -15.437367 -15.581437 -15.725810 -15.870371 -16.015047
-13.751558 -13.889944 -14.047708 -14.208627 -14.362943 -14.509164 -14.650662 -14.791039 -14.932124 -15.074318 -15.217439 -15.361205 -15.505388 -15.649831 -15.794435
-13.729054 -13.889715 -14.041144 -14.184731 -14.325002 -14.465253 -14.606661 -14.749230 -14.892645 -15.036611 -15.180921 -15.325443 -15.470096 -15.614828 -15.759609
-13.779376 -13.877026 -14.010485 -14.164175 -14.323155 -14.477649 -14.625015 -14.767527 -14.908395 -15.049557 -15.191639 -15.334607 -15.478243 -15.622331 -15.766711
-13.862887 -13.953024 -14.086246 -14.242379 -14.403635 -14.559430 -14.707019 -14.849168 -14.989652 -15.130578 -15.272537 -15.415449 -15.559062 -15.703143 -15.847522
-13.823590 -13.957020 -14.115810 -14.279842 -14.436754 -14.584034 -14.725425 -14.865342 -15.006041 -15.147989 -15.290966 -15.434648 -15.578780 -15.723192 -15.867777
-13.763158 -13.917832 -14.062789 -14.203035 -14.342811 -14.483756 -14.625983 -14.769168 -14.912987 -15.057205 -15.201671 -15.346289 -15.491000 -15.635767 -15.780570
-13.735536 -13.894023 -14.045149 -14.189458 -14.330506 -14.471178 -14.612702 -14.755244 -14.898596 -15.042505 -15.186775 -15.331270 -15.475906 -15.620628 -15.765403
-13.749782 -13.875243 -14.029142 -14.192127 -14.350460 -14.499628 -14.642149 -14.782350 -14.922909 -15.064627 -15.207410 -15.350957 -15.495002 -15.639360 -15.783912
-13.714864 -13.855982 -13.998118 -14.141161 -14.284859 -14.428992 -14.573402 -14.717985 -14.862674 -15.007429 -15.152223 -15.297042 -15.441876 -15.586718 -15.731567
-13.821173 -13.970601 -14.131159 -14.289382 -14.439609 -14.583167 -14.723879 -14.864522 -15.006147 -15.148812 -15.292264 -15.436244 -15.580561 -15.725087 -15.869741
-13.600027 -13.743674 -13.903660 -14.064092 -14.216921 -14.361984 -14.503084 -14.643543 -14.784818 -14.927154 -15.070354 -15.214159 -15.358360 -15.502812 -15.647420
-13.591149 -13.750923 -13.917485 -14.076488 -14.224613 -14.365868 -14.505392 -14.645791 -14.787563 -14.930441 -15.074065 -15.218163 -15.362555 -15.507127 -15.651810
-13.694124 -13.837117 -13.980805 -14.124939 -14.269353 -14.413939 -14.558630 -14.703386 -14.848181 -14.993000 -15.137834 -15.282677 -15.427526 -15.572378 -15.717232
-13.598743 -13.751651 -13.914177 -14.072555 -14.221953 -14.364661 -14.504936 -14.645496 -14.787195 -14.929963 -15.073500 -15.217540 -15.361895 -15.506444 -15.651113
-13.695705 -13.794142 -13.935090 -14.095556 -14.257535 -14.411775 -14.557501 -14.698643 -14.838916 -14.979996 -15.122181 -15.265276 -15.409012 -15.553169 -15.697595
-13.801029 -13.950413 -14.110251 -14.267802 -14.417716 -14.561274 -14.702104 -14.842853 -14.984541 -15.127237 -15.270705 -15.414694 -15.559015 -15.703543 -15.848198
-13.566857 -13.727931 -13.881600 -14.027157 -14.168335 -14.308681 -14.449839 -14.592106 -14.735275 -14.879068 -15.023266 -15.167717 -15.312326 -15.457031 -15.601795
-13.606572 -13.760132 -13.904549 -14.044751 -14.184665 -14.325759 -14.468100 -14.611363 -14.755231 -14.899480 -15.043965 -15.188595 -15.333313 -15.478085 -15.622891
-13.797275 -13.955363 -14.109667 -14.257274 -14.400067 -14.541085 -14.682286 -14.824363 -14.967321 -15.110951 -15.255038 -15.399419 -15.543983 -15.688661 -15.833409
-13.602963 -13.767078 -13.926497 -14.076247 -14.218847 -14.358926 -14.499345 -14.640950 -14.783648 -14.927135 -15.071140 -15.215473 -15.360009 -15.504670 -15.649407
-13.608091 -13.769786 -13.931337 -14.084329 -14.228990 -14.369622 -14.509812 -14.651021 -14.793399 -14.936670 -15.080538 -15.224787 -15.369270 -15.513899 -15.658617
-13.726078 -13.801383 -13.921914 -14.071025 -14.231095 -14.388953 -14.539157 -14.682898 -14.823804 -14.964551 -15.106189 -15.248816 -15.392220 -15.536160 -15.680448
-13.784775 -13.925199 -14.065357 -14.206592 -14.348990 -14.492270 -14.636141 -14.780390 -14.924874 -15.069503 -15.214220 -15.358992 -15.503797 -15.648622 -15.793460
-13.446766 -13.607016 -13.757653 -13.900688 -14.040789 -14.181085 -14.322586 -14.465229 -14.608691 -14.752685 -14.897012 -15.041545 -15.186204 -15.330940 -15.475723
-13.584830 -13.748354 -13.907090 -14.056374 -14.198827 -14.338932 -14.479428 -14.621115 -14.763885 -14.907426 -15.051468 -15.195824 -15.340375 -15.485045 -15.629787
-13.765150 -13.923575 -14.072623 -14.215007 -14.355146 -14.495692 -14.637408 -14.780189 -14.923732 -15.067774 -15.212129 -15.356679 -15.501348 -15.646090 -15.790877
-13.715508 -13.843076 -13.997402 -14.159908 -14.317573 -14.466297 -14.608692 -14.748948 -14.889599 -15.031391 -15.174225 -15.317804 -15.461868 -15.606238 -15.750797
-13.814749 -13.969894 -14.116817 -14.258614 -14.399000 -14.539985 -14.682075 -14.825117 -14.968832 -15.112981 -15.257403 -15.401994 -15.546689 -15.691446 -15.836243
-13.743884 -13.905712 -14.057730 -14.201361 -14.341475 -14.481580 -14.622876 -14.765359 -14.908710 -15.052631 -15.196913 -15.341418 -15.486060 -15.630785 -15.775562
-13.867352 -13.944236 -14.074638 -14.234346 -14.400188 -14.558559 -14.706442 -14.847753 -14.987410 -15.127903 -15.269719 -15.412612 -15.556242 -15.700341 -15.844734
-14.004749 -14.140169 -14.294060 -14.452156 -14.605782 -14.752773 -14.895298 -15.036321 -15.177616 -15.319768 -15.462763 -15.606408 -15.750499 -15.894880 -16.039444
-13.739933 -13.881960 -14.046440 -14.211675 -14.366919 -14.512041 -14.652162 -14.791773 -14.932632 -15.074836 -15.218023 -15.361850 -15.506075 -15.650545 -15.795166
-13.672141 -13.751376 -13.874731 -14.025981 -14.187282 -14.345311 -14.495023 -14.638184 -14.778739 -14.919387 -15.061067 -15.203785 -15.347276 -15.491283 -15.635615
-13.804193 -13.958436 -14.118401 -14.273628 -14.421268 -14.563722 -14.704434 -14.845471 -14.987478 -15.130409 -15.274026 -15.418107 -15.562484 -15.707046 -15.851722
-13.805192 -13.966182 -14.122517 -14.270678 -14.413124 -14.553625 -14.694480 -14.836392 -14.979290 -15.122902 -15.266985 -15.411366 -15.555932 -15.700610 -15.845359
-13.733017 -13.802127 -13.921694 -14.073155 -14.236195 -14.395837 -14.546284 -14.689424 -14.829702 -14.970111 -15.111648 -15.254287 -15.397734 -15.541714 -15.686031
-13.796796 -13.937691 -14.078526 -14.220275 -14.363007 -14.506494 -14.650493 -14.794821 -14.939352 -15.084010 -15.228746 -15.373528 -15.518340 -15.663170 -15.808010
-13.780751 -13.898812 -14.050232 -14.214151 -14.374637 -14.525428 -14.668501 -14.808579 -14.948840 -15.090313 -15.232939 -15.376391 -15.520380 -15.664703 -15.809234
-13.731892 -13.888728 -14.049302 -14.203797 -14.350392 -14.492179 -14.632680 -14.773766 -14.915906 -15.058966 -15.202681 -15.346828 -15.491247 -15.635836 -15.780529
-13.779623 -13.943565 -14.103585 -14.254008 -14.396961 -14.537091 -14.677438 -14.818960 -14.961598 -15.105046 -15.249027 -15.393345 -15.537872 -15.682527 -15.827261
-13.874575 -13.973706 -14.110325 -14.267086 -14.427713 -14.582306 -14.728976 -14.870787 -15.011280 -15.152352 -15.294480 -15.437532 -15.581244 -15.725388 -15.869807
-13.536635 -13.694704 -13.845146 -13.988976 -14.129852 -14.270545 -14.412156 -14.554789 -14.698212 -14.842171 -14.986473 -15.130989 -15.275637 -15.420367 -15.565146
-13.693310 -13.854925 -14.007174 -14.151119 -14.291420 -14.431575 -14.572858 -14.715312 -14.858638 -15.002542 -15.146812 -15.291309 -15.435947 -15.580669 -15.725444
-13.782894 -13.904669 -14.055327 -14.217112 -14.375905 -14.526031 -14.669222 -14.809640 -14.950157 -15.091773 -15.234475 -15.377970 -15.521983 -15.666321 -15.810861
-13.786241 -13.937141 -14.096031 -14.251879 -14.400600 -14.543773 -14.684709 -14.825695 -14.967584 -15.110416 -15.253969 -15.398010 -15.542364 -15.686912 -15.831579
-13.623162 -13.781470 -13.931216 -14.074285 -14.214748 -14.355345 -14.497014 -14.639737 -14.783237 -14.927250 -15.071588 -15.216126 -15.360789 -15.505527 -15.650311
-13.635625 -13.791820 -13.938436 -14.079533 -14.219446 -14.360235 -14.502268 -14.645301 -14.789017 -14.933170 -15.077595 -15.222187 -15.366883 -15.511641 -15.656438
-13.675680 -13.770844 -13.912803 -14.076595 -14.241320 -14.396526 -14.541821 -14.682142 -14.821863 -14.962739 -15.104917 -15.248073 -15.391874 -15.536082 -15.680541
-13.535849 -13.665336 -13.823398 -13.988499 -14.146780 -14.294868 -14.436406 -14.576161 -14.716670 -14.858491 -15.001392 -15.145029 -15.289135 -15.433532 -15.578107
-13.744539 -13.902925 -14.052686 -14.195746 -14.336209 -14.476809 -14.618460 -14.761152 -14.904622 -15.048613 -15.192936 -15.337465 -15.482122 -15.626856 -15.771638
-13.507434 -13.648231 -13.809853 -13.973162 -14.128012 -14.273653 -14.414432 -14.554410 -14.695363 -14.837538 -14.980670 -15.124449 -15.268642 -15.413091 -15.557698
-13.676382 -13.819213 -13.959962 -14.100905 -14.242827 -14.385713 -14.529314 -14.673389 -14.817764 -14.962326 -15.107003 -15.251749 -15.396539 -15.541355 -15.686187
-13.739329 -13.881148 -14.021442 -14.162317 -14.304292 -14.447235 -14.590873 -14.734971 -14.879360 -15.023930 -15.168612 -15.313362 -15.458154 -15.602971 -15.747804
-13.580600 -13.671351 -13.804862 -13.962009 -14.124424 -14.280602 -14.427946 -14.569716 -14.709939 -14.850775 -14.992756 -15.135724 -15.279387 -15.423504 -15.567906
-13.759386 -13.898000 -14.054494 -14.214072 -14.367711 -14.513908 -14.655652 -14.796254 -14.937461 -15.079707 -15.222848 -15.366622 -15.510808 -15.655252 -15.799857
