1.592720e-06 7.489544e-06 2.627165e-05 7.012037e-05 1.463068e-04 2.477057e-04 3.572170e-04 4.633299e-04 5.666610e-04 6.716963e-04 7.769895e-04 8.733055e-04 9.487526e-04 9.949852e-04 1.007651e-03 9.808725e-04 9.048513e-04 7.736489e-04 5.975198e-04 4.063630e-04 2.375656e-04 1.167024e-04 4.712035e-05 1.529918e-05 3.909044e-06 7.697774e-07 1.145892e-07 1.242386e-08 9.319956e-10 3.744408e-11
4.836917e-08 7.156475e-07 5.825307e-06 2.777799e-05 8.394188e-05 1.780861e-04 3.015097e-04 4.601669e-04 6.778739e-04 9.770472e-04 1.361156e-03 1.801814e-03 2.248061e-03 2.647816e-03 2.931769e-03 2.981417e-03 2.674985e-03 2.019423e-03 1.222609e-03 5.666494e-04 1.920633e-04 4.539136e-05 7.094417e-06 6.911134e-07 3.943877e-08 1.243560e-09 2.062103e-11 1.728684e-13 7.066959e-16 1.262695e-18
2.964911e-05 8.513313e-05 1.918677e-04 3.532048e-04 5.585908e-04 8.012835e-04 1.089793e-03 1.438299e-03 1.848938e-03 2.303510e-03 2.769988e-03 3.213821e-03 3.594362e-03 3.844289e-03 3.863684e-03 3.562022e-03 2.934088e-03 2.104421e-03 1.282286e-03 6.481804e-04 2.655360e-04 8.616770e-05 2.167092e-05 4.139760e-06 5.900117e-07 6.177825e-08 4.691027e-09 2.524020e-10 9.275941e-12 1.898786e-13
1.450916e-05 4.537986e-05 1.109228e-04 2.182448e-04 3.594362e-04 5.196097e-04 6.919600e-04 8.807165e-04 1.090362e-03 1.314702e-03 1.534919e-03 1.726256e-03 1.866019e-03 1.934093e-03 1.907571e-03 1.763266e-03 1.495821e-03 1.137989e-03 7.591667e-04 4.349818e-04 2.100304e-04 8.395624e-05 2.731345e-05 7.112249e-06 1.458282e-06 2.317508e-07 2.812527e-08 2.523244e-09 1.597329e-10 5.583152e-12
4.539637e-07 2.871251e-06 1.307969e-05 4.379912e-05 1.108782e-04 2.207228e-04 3.642792e-04 5.300088e-04 7.180329e-04 9.347770e-04 1.176696e-03 1.421691e-03 1.634854e-03 1.781021e-03 1.829472e-03 1.750975e-03 1.527817e-03 1.181683e-03 7.869148e-04 4.391919e-04 2.005836e-04 7.338763e-05 2.109821e-05 4.680449e-06 7.873135e-07 9.871807e-08 9.074444e-09 5.941886e-10 2.650291e-11 6.464152e-13
4.654635e-07 2.390550e-06 9.046871e-06 2.578911e-05 5.706180e-05 1.021241e-04 1.558867e-04 2.150477e-04 2.812443e-04 3.577073e-04 4.445379e-04 5.373299e-04 6.296641e-04 7.164057e-04 7.927105e-04 8.480589e-04 8.626245e-04 8.139717e-04 6.930128e-04 5.175524e-04 3.295618e-04 1.738627e-04 7.382707e-05 2.453498e-05 6.218142e-06 1.174700e-06 1.622512e-07 1.584143e-08 1.043123e-09 3.640203e-11
4.898810e-06 2.165589e-05 6.628550e-05 1.499946e-04 2.729506e-04 4.376672e-04 6.637966e-04 9.828393e-04 1.421907e-03 1.987280e-03 2.657180e-03 3.391887e-03 4.136044e-03 4.782428e-03 5.135545e-03 4.964468e-03 4.170097e-03 2.937597e-03 1.676761e-03 7.495279e-04 2.532866e-04 6.231742e-05 1.073136e-05 1.243822e-06 9.358700e-08 4.430469e-09 1.286260e-10 2.236778e-12 2.260496e-14 1.156258e-16
2.035410e-06 1.865169e-05 9.424188e-05 2.864785e-04 5.850094e-04 9.226573e-04 1.292526e-03 1.748677e-03 2.332491e-03 3.039696e-03 3.813203e-03 4.585738e-03 5.334440e-03 6.026077e-03 6.495376e-03 6.437944e-03 5.602204e-03 4.069339e-03 2.331888e-03 9.846515e-04 2.819683e-04 4.992710e-05 4.996331e-06 2.616336e-07 6.752270e-09 8.222614e-11 4.583775e-13 1.145621e-15 1.261278e-18 5.700130e-22
4.359537e-06 3.180750e-05 1.476072e-04 4.549844e-04 9.844549e-04 1.611038e-03 2.190924e-03 2.713118e-03 3.236213e-03 3.775408e-03 4.274817e-03 4.630295e-03 4.746884e-03 4.592504e-03 4.183264e-03 3.539955e-03 2.706369e-03 1.802221e-03 1.006070e-03 4.539304e-04 1.600252e-04 4.271549e-05 8.381291e-06 1.174329e-06 1.140605e-07 7.441930e-09 3.155495e-10 8.376425e-12 1.326109e-13 1.057464e-15
2.463562e-05 9.620791e-05 2.759977e-04 5.985475e-04 1.020785e-03 1.443439e-03 1.801084e-03 2.099471e-03 2.368619e-03 2.613866e-03 2.809227e-03 2.918342e-03 2.920190e-03 2.816414e-03 2.613653e-03 2.308057e-03 1.898574e-03 1.416008e-03 9.312301e-04 5.259249e-04 2.488524e-04 9.635192e-05 2.982120e-05 7.204936e-06 1.326615e-06 1.818131e-07 1.814063e-08 1.274618e-09 6.014807e-11 1.526326e-12
2.015402e-06 1.085479e-05 4.198076e-05 1.193885e-04 2.578670e-04 4.424480e-04 6.395092e-04 8.304713e-04 1.020991e-03 1.220094e-03 1.421726e-03 1.604071e-03 1.741903e-03 1.819235e-03 1.827408e-03 1.752220e-03 1.573640e-03 1.288374e-03 9.336958e-04 5.821546e-04 3.040650e-04 1.297043e-04 4.406779e-05 1.162825e-05 2.323729e-06 3.431983e-07 3.662699e-08 2.731277e-09 1.356792e-10 3.588524e-12
2.377846e-07 1.954701e-06 9.984180e-06 3.334477e-05 7.759177e-05 1.366983e-04 2.018420e-04 2.744915e-04 3.630334e-04 4.735590e-04 6.054833e-04 7.499055e-04 8.935341e-04 1.027243e-03 1.145540e-03 1.232711e-03 1.253859e-03 1.168393e-03 9.626166e-04 6.759342e-04 3.894235e-04 1.765614e-04 6.004061e-05 1.449753e-05 2.346551e-06 2.411009e-07 1.500714e-08 5.425878e-10 1.087440e-11 1.022869e-13
1.058224e-06 4.386093e-06 1.395807e-05 3.493854e-05 7.110621e-05 1.228816e-04 1.895569e-04 2.732138e-04 3.787629e-04 5.094477e-04 6.616067e-04 8.223720e-04 9.718655e-04 1.087428e-03 1.145527e-03 1.123161e-03 1.006498e-03 8.062204e-04 5.641847e-04 3.376233e-04 1.695058e-04 7.019905e-05 2.362234e-05 6.371117e-06 1.359814e-06 2.269012e-07 2.925139e-08 2.824768e-09 1.948145e-10 7.445143e-12
8.571553e-07 5.122945e-06 2.151149e-05 6.539972e-05 1.499721e-04 2.741706e-04 4.277265e-04 6.089280e-04 8.278229e-04 1.091139e-03 1.387214e-03 1.683058e-03 1.934932e-03 2.100211e-03 2.136872e-03 2.003786e-03 1.686708e-03 1.236031e-03 7.649906e-04 3.889049e-04 1.583892e-04 5.051296e-05 1.234743e-05 2.265702e-06 3.056817e-07 2.970181e-08 2.036853e-09 9.582073e-11 2.962638e-12 4.942054e-14
8.075007e-07 5.839973e-06 2.842996e-05 9.597383e-05 2.335772e-04 4.323601e-04 6.536101e-04 8.739418e-04 1.102303e-03 1.352680e-03 1.618969e-03 1.871362e-03 2.070193e-03 2.186495e-03 2.205297e-03 2.108432e-03 1.871736e-03 1.496401e-03 1.041595e-03 6.108853e-04 2.927896e-04 1.114262e-04 3.273776e-05 7.216493e-06 1.158670e-06 1.314848e-07 1.024233e-08 5.286436e-10 1.722651e-11 2.904910e-13
1.769599e-07 1.113321e-06 4.847169e-06 1.506190e-05 3.478610e-05 6.303607e-05 9.596520e-05 1.319186e-04 1.730585e-04 2.223113e-04 2.803036e-04 3.444352e-04 4.102746e-04 4.743771e-04 5.348033e-04 5.870138e-04 6.191163e-04 6.130359e-04 5.539403e-04 4.431012e-04 3.038739e-04 1.725857e-04 7.819189e-05 2.717896e-05 6.978132e-06 1.278584e-06 1.623355e-07 1.375455e-08 7.399672e-10 2.020828e-11
2.903997e-06 1.175971e-05 3.629526e-05 8.756914e-05 1.709398e-04 2.823146e-04 4.152273e-04 5.700055e-04 7.524729e-04 9.641869e-04 1.194978e-03 1.423810e-03 1.625160e-03 1.771977e-03 1.831860e-03 1.768029e-03 1.558393e-03 1.223859e-03 8.359503e-04 4.857316e-04 2.352939e-04 9.325854e-05 2.970911e-05 7.476992e-06 1.462055e-06 2.186344e-07 2.463840e-08 2.029158e-09 1.167707e-10 3.704647e-12
7.082774e-08 8.546276e-07 6.482267e-06 3.184460e-05 1.053024e-04 2.470990e-04 4.429081e-04 6.648052e-04 9.112897e-04 1.200059e-03 1.533799e-03 1.883130e-03 2.196847e-03 2.427850e-03 2.538396e-03 2.478374e-03 2.194089e-03 1.693541e-03 1.094305e-03 5.697690e-04 2.307230e-04 7.023623e-05 1.553487e-05 2.410596e-06 2.533083e-07 1.742223e-08 7.605316e-10 2.043089e-11 3.247565e-13 2.603461e-15
5.334787e-07 4.640532e-06 2.486321e-05 8.593565e-05 2.029557e-04 3.545457e-04 5.082215e-04 6.622817e-04 8.350788e-04 1.036632e-03 1.259006e-03 1.476669e-03 1.659204e-03 1.790752e-03 1.865731e-03 1.861696e-03 1.734402e-03 1.455157e-03 1.057300e-03 6.398147e-04 3.100890e-04 1.154996e-04 3.156999e-05 6.010131e-06 7.538873e-07 5.907366e-08 2.760691e-09 7.386488e-11 1.082523e-12 7.451183e-15
2.310891e-05 9.004819e-05 2.408102e-04 4.741870e-04 7.539462e-04 1.068123e-03 1.446354e-03 1.922688e-03 2.505672e-03 3.162780e-03 3.822831e-03 4.411111e-03 4.874275e-03 5.144135e-03 5.095482e-03 4.596175e-03 3.641719e-03 2.443020e-03 1.338722e-03 5.785737e-04 1.902785e-04 4.581576e-05 7.738483e-06 8.758139e-07 6.347207e-08 2.827190e-09 7.479016e-11 1.140809e-12 9.704808e-15 4.032921e-17
1.336829e-06 8.511873e-06 3.539441e-05 1.014335e-04 2.153429e-04 3.714470e-04 5.728504e-04 8.441551e-04 1.216519e-03 1.705826e-03 2.295679e-03 2.937729e-03 3.569499e-03 4.109857e-03 4.422276e-03 4.323308e-03 3.702041e-03 2.671869e-03 1.566217e-03 7.199561e-04 2.507940e-04 6.392505e-05 1.148777e-05 1.399761e-06 1.112228e-07 5.558011e-09 1.692765e-10 3.052857e-12 3.149450e-14 1.614557e-16
2.037446e-08 2.803232e-07 2.360327e-06 1.255226e-05 4.392838e-05 1.069061e-04 1.950693e-04 2.934136e-04 3.995459e-04 5.230682e-04 6.698859e-04 8.338628e-04 1.000402e-03 1.157379e-03 1.297404e-03 1.401756e-03 1.426681e-03 1.319842e-03 1.065323e-03 7.187051e-04 3.871670e-04 1.585341e-04 4.686732e-05 9.513522e-06 1.267149e-06 1.065663e-07 5.485329e-09 1.678385e-10 2.942333e-12 2.522189e-14
3.315164e-08 5.578887e-07 5.584659e-06 3.433383e-05 1.348941e-04 3.573522e-04 6.892399e-04 1.071786e-03 1.490670e-03 1.980327e-03 2.554587e-03 3.166692e-03 3.724412e-03 4.143543e-03 4.362475e-03 4.289965e-03 3.812058e-03 2.927544e-03 1.855757e-03 9.298529e-04 3.535639e-04 9.799944e-05 1.899602e-05 2.466337e-06 2.054479e-07 1.054870e-08 3.224375e-10 5.687241e-12 5.584700e-14 2.658599e-16
1.991812e-07 2.257700e-06 1.555478e-05 6.782587e-05 1.971157e-04 4.095395e-04 6.681943e-04 9.504660e-04 1.275610e-03 1.666678e-03 2.113922e-03 2.565877e-03 2.951058e-03 3.212627e-03 3.303700e-03 3.156457e-03 2.710736e-03 2.007498e-03 1.229040e-03 5.977107e-04 2.223919e-04 6.102791e-05 1.189432e-05 1.581838e-06 1.376737e-07 7.526318e-09 2.489681e-10 4.813843e-12 5.228973e-14 2.761281e-16
7.412202e-07 6.174982e-06 3.330208e-05 1.203280e-04 3.044425e-04 5.733323e-04 8.723311e-04 1.173707e-03 1.495318e-03 1.855595e-03 2.239606e-03 2.595108e-03 2.854164e-03 2.968155e-03 2.915098e-03 2.676173e-03 2.240044e-03 1.651067e-03 1.032346e-03 5.283867e-04 2.142320e-04 6.675415e-05 1.553577e-05 2.625811e-06 3.131640e-07 2.557406e-08 1.386759e-09 4.819283e-11 1.023470e-12 1.110052e-14
3.229659e-07 3.066757e-06 1.968964e-05 8.713413e-05 2.725793e-04 6.244487e-04 1.101920e-03 1.602223e-03 2.066909e-03 2.504804e-03 2.920116e-03 3.265296e-03 3.462668e-03 3.454331e-03 3.222865e-03 2.776826e-03 2.154964e-03 1.456443e-03 8.276042e-04 3.828485e-04 1.401780e-04 3.963761e-05 8.467835e-06 1.339236e-06 1.537877e-07 1.258064e-08 7.196125e-10 2.804924e-11 7.155096e-13 9.903443e-15
1.770966e-06 8.928924e-06 3.325686e-05 9.317183e-05 2.011587e-04 3.461184e-04 4.965691e-04 6.272669e-04 7.355443e-04 8.304559e-04 9.155666e-04 9.844048e-04 1.027030e-03 1.038001e-03 1.017296e-03 9.639195e-04 8.719179e-04 7.366045e-04 5.660344e-04 3.851842e-04 2.262613e-04 1.119521e-04 4.555085e-05 1.488133e-05 3.813503e-06 7.497891e-07 1.108557e-07 1.187403e-08 8.757008e-10 3.449229e-11
1.896033e-06 1.340531e-05 6.615975e-05 2.324889e-04 5.975599e-04 1.166925e-03 1.825249e-03 2.441590e-03 2.978238e-03 3.455640e-03 3.862595e-03 4.136975e-03 4.212578e-03 4.060971e-03 3.684461e-03 3.096775e-03 2.346325e-03 1.550486e-03 8.649790e-04 3.956284e-04 1.445791e-04 4.124549e-05 8.988891e-06 1.465790e-06 1.752683e-07 1.507162e-08 9.152232e-10 3.826134e-11 1.058851e-12 1.603710e-14
5.993605e-08 5.485056e-07 3.224046e-06 1.268027e-05 3.519336e-05 7.398421e-05 1.287031e-04 2.024070e-04 3.052561e-04 4.501623e-04 6.455674e-04 8.881706e-04 1.160456e-03 1.435801e-03 1.679058e-03 1.835189e-03 1.829849e-03 1.610371e-03 1.206919e-03 7.439465e-04 3.650034e-04 1.381966e-04 3.917318e-05 8.059139e-06 1.164539e-06 1.142064e-07 7.346173e-09 2.983597e-10 7.284011e-12 8.895547e-14
7.496059e-06 2.799984e-05 7.958774e-05 1.765311e-04 3.163730e-04 4.796907e-04 6.490121e-04 8.227704e-04 1.008135e-03 1.206025e-03 1.405415e-03 1.589513e-03 1.745247e-03 1.863562e-03 1.927774e-03 1.905076e-03 1.758480e-03 1.476731e-03 1.098375e-03 7.047034e-04 3.799014e-04 1.676480e-04 5.903801e-05 1.619989e-05 3.390444e-06 5.313327e-07 6.139734e-08 5.079375e-09 2.882249e-10 8.898586e-12
1.145265e-06 7.866246e-06 3.871757e-05 1.385568e-04 3.676192e-04 7.434057e-04 1.191995e-03 1.598016e-03 1.903388e-03 2.123242e-03 2.284472e-03 2.386795e-03 2.416242e-03 2.370465e-03 2.258164e-03 2.077778e-03 1.812028e-03 1.454289e-03 1.039009e-03 6.393530e-04 3.281786e-04 1.362030e-04 4.435910e-05 1.102810e-05 2.042394e-06 2.759917e-07 2.675089e-08 1.809617e-09 8.200959e-11 2.008335e-12
7.113570e-07 3.898850e-06 1.556212e-05 4.629690e-05 1.059214e-04 1.945296e-04 3.030525e-04 4.252735e-04 5.645566e-04 7.270128e-04 9.109411e-04 1.102070e-03 1.277076e-03 1.412088e-03 1.486721e-03 1.480004e-03 1.370590e-03 1.152864e-03 8.573508e-04 5.490269e-04 2.954995e-04 1.307672e-04 4.662600e-05 1.314039e-05 2.872673e-06 4.781286e-07 5.947437e-08 5.342144e-09 3.292834e-10 1.092063e-11
7.450188e-08 6.250504e-07 3.406039e-06 1.251874e-05 3.255059e-05 6.378657e-05 1.022316e-04 1.462887e-04 1.995574e-04 2.668722e-04 3.501684e-04 4.462748e-04 5.472524e-04 6.445119e-04 7.316123e-04 7.993271e-04 8.284602e-04 7.933273e-04 6.795770e-04 5.035591e-04 3.122142e-04 1.566454e-04 6.139077e-05 1.808019e-05 3.837373e-06 5.624505e-07 5.470007e-08 3.379882e-09 1.257295e-10 2.298605e-12
2.295691e-06 1.147398e-05 4.266181e-05 1.202691e-04 2.640386e-04 4.687194e-04 7.068301e-04 9.566923e-04 1.217674e-03 1.494789e-03 1.776899e-03 2.032190e-03 2.221500e-03 2.313418e-03 2.285136e-03 2.116372e-03 1.800172e-03 1.369993e-03 9.081514e-04 5.115707e-04 2.395744e-04 9.147097e-05 2.797037e-05 6.736174e-06 1.257281e-06 1.790497e-07 1.916566e-08 1.496579e-09 8.144286e-11 2.444974e-12
3.643330e-05 1.672169e-04 4.875530e-04 9.856164e-04 1.541330e-03 2.100598e-03 2.722111e-03 3.469091e-03 4.349811e-03 5.301523e-03 6.196549e-03 6.909835e-03 7.377078e-03 7.539848e-03 7.265246e-03 6.402567e-03 4.965895e-03 3.254769e-03 1.731066e-03 7.174676e-04 2.221435e-04 4.899982e-05 7.282676e-06 6.848407e-07 3.821969e-08 1.194958e-09 1.997527e-11 1.721682e-13 7.399597e-16 1.421101e-18
4.938250e-07 5.995898e-06 3.766663e-05 1.342838e-04 3.043283e-04 5.063187e-04 7.230572e-04 9.859036e-04 1.326994e-03 1.753952e-03 2.241441e-03 2.749527e-03 3.266564e-03 3.793157e-03 4.256502e-03 4.464501e-03 4.183259e-03 3.326327e-03 2.113036e-03 9.930370e-04 3.135734e-04 5.975723e-05 6.198394e-06 3.207914e-07 7.751445e-09 8.341249e-11 3.870982e-13 7.582857e-16 6.164278e-19 1.950853e-22
1.711827e-07 1.064420e-06 4.814114e-06 1.621213e-05 4.196746e-05 8.720263e-05 1.536497e-04 2.434754e-04 3.636184e-04 5.234677e-04 7.268478e-04 9.644157e-04 1.211806e-03 1.433566e-03 1.586523e-03 1.622181e-03 1.501459e-03 1.226310e-03 8.606792e-04 5.063641e-04 2.442541e-04 9.472374e-05 2.901871e-05 6.910122e-06 1.259641e-06 1.731909e-07 1.770095e-08 1.306488e-09 6.652715e-11 1.857423e-12
3.375999e-05 1.523447e-04 4.322486e-04 8.377873e-04 1.238223e-03 1.583506e-03 1.926125e-03 2.312337e-03 2.745434e-03 3.190201e-03 3.587362e-03 3.900609e-03 4.144725e-03 4.332730e-03 4.405930e-03 4.239953e-03 3.727220e-03 2.879623e-03 1.872928e-03 9.727957e-04 3.768680e-04 1.002316e-04 1.677071e-05 1.631197e-06 8.653014e-08 2.386508e-09 3.306789e-11 2.245618e-13 7.300558e-16 1.032754e-18
1.283532e-06 9.020080e-06 4.406964e-05 1.528185e-04 3.871264e-04 7.470362e-04 1.164149e-03 1.572173e-03 1.963035e-03 2.353700e-03 2.732947e-03 3.057265e-03 3.284259e-03 3.391597e-03 3.353009e-03 3.115355e-03 2.636620e-03 1.960557e-03 1.236346e-03 6.394538e-04 2.626641e-04 8.303075e-05 1.959448e-05 3.356047e-06 4.068461e-07 3.416985e-08 1.953299e-09 7.432478e-11 1.818666e-12 2.394151e-14
3.325195e-06 1.586642e-05 5.689820e-05 1.560032e-04 3.346819e-04 5.798416e-04 8.457482e-04 1.090921e-03 1.304827e-03 1.495621e-03 1.664164e-03 1.795414e-03 1.868720e-03 1.870894e-03 1.798054e-03 1.648193e-03 1.419974e-03 1.124960e-03 7.994479e-04 4.973587e-04 2.648886e-04 1.183374e-04 4.351299e-05 1.293338e-05 3.053665e-06 5.631862e-07 7.985720e-08 8.401188e-09 6.240012e-10 2.528099e-11
1.164477e-08 1.955790e-07 1.801587e-06 9.635084e-06 3.210138e-05 7.279270e-05 1.258213e-04 1.878486e-04 2.657265e-04 3.691375e-04 5.033273e-04 6.646428e-04 8.401961e-04 1.016663e-03 1.184878e-03 1.325138e-03 1.390788e-03 1.321128e-03 1.088941e-03 7.454241e-04 4.049164e-04 1.659688e-04 4.839186e-05 9.376753e-06 1.124014e-06 7.796879e-08 2.959380e-09 5.873003e-11 5.832507e-13 2.529294e-15
3.396680e-07 2.886244e-06 1.664803e-05 6.663864e-05 1.906753e-04 4.066849e-04 6.856692e-04 9.835363e-04 1.289805e-03 1.620374e-03 1.978053e-03 2.337595e-03 2.664480e-03 2.937555e-03 3.137413e-03 3.209097e-03 3.059854e-03 2.624322e-03 1.948854e-03 1.205575e-03 5.972390e-04 2.277444e-04 6.436022e-05 1.302557e-05 1.833519e-06 1.752455e-07 1.115591e-08 4.621411e-10 1.202825e-11 1.644192e-13
6.481809e-07 3.889639e-06 1.706200e-05 5.559536e-05 1.375504e-04 2.665107e-04 4.220166e-04 5.762055e-04 7.169503e-04 8.473285e-04 9.685870e-04 1.071626e-03 1.143095e-03 1.174162e-03 1.159859e-03 1.091881e-03 9.598590e-04 7.662134e-04 5.390595e-04 3.248801e-04 1.633568e-04 6.684365e-05 2.173455e-05 5.490147e-06 1.054986e-06 1.513395e-07 1.594311e-08 1.197940e-09 6.148938e-11 1.720476e-12
1.181701e-07 2.221859e-06 2.195774e-05 1.205678e-04 3.928258e-04 8.219492e-04 1.226386e-03 1.489472e-03 1.660318e-03 1.804974e-03 1.932990e-03 2.018072e-03 2.028893e-03 1.963258e-03 1.847825e-03 1.695272e-03 1.485212e-03 1.196279e-03 8.473644e-04 5.038603e-04 2.391240e-04 8.530154e-05 2.124788e-05 3.397881e-06 3.208593e-07 1.663568e-08 4.472776e-10 5.971773e-12 3.808121e-14 1.029477e-16
8.676239e-08 1.166365e-06 9.602998e-06 4.992053e-05 1.704187e-04 4.033403e-04 7.146832e-04 1.045831e-03 1.389157e-03 1.771045e-03 2.192085e-03 2.608541e-03 2.960560e-03 3.208278e-03 3.317286e-03 3.214963e-03 2.816967e-03 2.134851e-03 1.338429e-03 6.650028e-04 2.508947e-04 6.877876e-05 1.309485e-05 1.656965e-06 1.338687e-07 6.672962e-09 1.995914e-10 3.494155e-12 3.471453e-14 1.707514e-16
3.648941e-06 1.814875e-05 6.370302e-05 1.635192e-04 3.223198e-04 5.205368e-04 7.414011e-04 9.910716e-04 1.284302e-03 1.619935e-03 1.969778e-03 2.285819e-03 2.519528e-03 2.631016e-03 2.579628e-03 2.327058e-03 1.876228e-03 1.309641e-03 7.674995e-04 3.671735e-04 1.397772e-04 4.134847e-05 9.289831e-06 1.549456e-06 1.874767e-07 1.607995e-08 9.561137e-10 3.830436e-11 9.917464e-13 1.376249e-14
2.200373e-07 1.108418e-06 4.151490e-06 1.183443e-05 2.650425e-05 4.868216e-05 7.737973e-05 1.125604e-04 1.564659e-04 2.121807e-04 2.811556e-04 3.616547e-04 4.491146e-04 5.378663e-04 6.212942e-04 6.885286e-04 7.214905e-04 6.992442e-04 6.110966e-04 4.695211e-04 3.095603e-04 1.711155e-04 7.751066e-05 2.812035e-05 7.986652e-06 1.737005e-06 2.834032e-07 3.336908e-08 2.689369e-09 1.143524e-10
3.067877e-05 1.163589e-04 3.202507e-04 6.608421e-04 1.071051e-03 1.451189e-03 1.762380e-03 2.030603e-03 2.284790e-03 2.521589e-03 2.711015e-03 2.820823e-03 2.840146e-03 2.777710e-03 2.634686e-03 2.389974e-03 2.022788e-03 1.551255e-03 1.046531e-03 6.035004e-04 2.890849e-04 1.116610e-04 3.370748e-05 7.701308e-06 1.290921e-06 1.543271e-07 1.284211e-08 7.215556e-10 2.622750e-11 5.042366e-13
1.841539e-07 1.246704e-06 5.838290e-06 1.941028e-05 4.739001e-05 8.896633e-05 1.365599e-04 1.841425e-04 2.325719e-04 2.856802e-04 3.447206e-04 4.067076e-04 4.663517e-04 5.199197e-04 5.668136e-04 6.055051e-04 6.276578e-04 6.178567e-04 5.615442e-04 4.568447e-04 3.217828e-04 1.891507e-04 8.914584e-05 3.232489e-05 8.671664e-06 1.662635e-06 2.213731e-07 1.972245e-08 1.119061e-09 3.224422e-11
1.723033e-07 1.363084e-06 7.472735e-06 2.896959e-05 8.156185e-05 1.730090e-04 2.909168e-04 4.137847e-04 5.328363e-04 6.535089e-04 7.800578e-04 9.064033e-04 1.020229e-03 1.112465e-03 1.179255e-03 1.211765e-03 1.187435e-03 1.079170e-03 8.800511e-04 6.221905e-04 3.681972e-04 1.759331e-04 6.547518e-05 1.833884e-05 3.748415e-06 5.445785e-07 5.502615e-08 3.753137e-09 1.655634e-10 3.825090e-12
1.360493e-07 2.508493e-06 2.299352e-05 1.135857e-04 3.325149e-04 6.526857e-04 1.007079e-03 1.412022e-03 1.927982e-03 2.583954e-03 3.348142e-03 4.126602e-03 4.832875e-03 5.430058e-03 5.822907e-03 5.770368e-03 5.029498e-03 3.649456e-03 2.082997e-03 8.799630e-04 2.561382e-04 4.707671e-05 4.951312e-06 2.707505e-07 7.099699e-09 8.400206e-11 4.298175e-13 9.243969e-16 8.178442e-19 2.783081e-22
3.984652e-06 1.698145e-05 5.501200e-05 1.383346e-04 2.778376e-04 4.631245e-04 6.718279e-04 8.910679e-04 1.123127e-03 1.370904e-03 1.622807e-03 1.851064e-03 2.022218e-03 2.108587e-03 2.089949e-03 1.949972e-03 1.683278e-03 1.314464e-03 9.066740e-04 5.400923e-04 2.722570e-04 1.140521e-04 3.905567e-05 1.076587e-05 2.354009e-06 4.024794e-07 5.306411e-08 5.218437e-09 3.645783e-10 1.403002e-11
3.718278e-07 4.427244e-06 2.932415e-05 1.154670e-04 2.929969e-04 5.298031e-04 7.717399e-04 1.017411e-03 1.297544e-03 1.626293e-03 1.986541e-03 2.328139e-03 2.588277e-03 2.727269e-03 2.727258e-03 2.558933e-03 2.188570e-03 1.639001e-03 1.028669e-03 5.180058e-04 2.006159e-04 5.730070e-05 1.155389e-05 1.566166e-06 1.349117e-07 6.944669e-09 2.011179e-10 3.103553e-12 2.421942e-14 8.330841e-17
1.091492e-06 7.099221e-06 3.017085e-05 8.741290e-05 1.822706e-04 2.939838e-04 4.007921e-04 5.024561e-04 6.100105e-04 7.282455e-04 8.505684e-04 9.612605e-04 1.043760e-03 1.090012e-03 1.098092e-03 1.060386e-03 9.616047e-04 7.943926e-04 5.778890e-04 3.578480e-04 1.824730e-04 7.410464e-05 2.313335e-05 5.338391e-06 8.728925e-07 9.687048e-08 7.008900e-09 3.172234e-10 8.541225e-12 1.135797e-13
9.769059e-08 1.818242e-06 1.791375e-05 9.900413e-05 3.293910e-04 7.224137e-04 1.179786e-03 1.646598e-03 2.169783e-03 2.793095e-03 3.491763e-03 4.164352e-03 4.682468e-03 4.967659e-03 4.968764e-03 4.588849e-03 3.753322e-03 2.583747e-03 1.421630e-03 5.949502e-04 1.804417e-04 3.773174e-05 5.148729e-06 4.310452e-07 2.074780e-08 5.400679e-10 7.219736e-12 4.759310e-14 1.492886e-16 2.010615e-19
2.629100e-07 1.651503e-06 7.113371e-06 2.174329e-05 4.934819e-05 8.837676e-05 1.346791e-04 1.881642e-04 2.534638e-04 3.352607e-04 4.343288e-04 5.459845e-04 6.620086e-04 7.751187e-04 8.791886e-04 9.617186e-04 9.974186e-04 9.551597e-04 8.192862e-04 6.102032e-04 3.825514e-04 1.954873e-04 7.866746e-05 2.402620e-05 5.362405e-06 8.435649e-07 9.056960e-08 6.389094e-09 2.817239e-10 6.282494e-12
2.112810e-07 1.613393e-06 8.133311e-06 2.808986e-05 6.984720e-05 1.338331e-04 2.151501e-04 3.153982e-04 4.448351e-04 6.134650e-04 8.222989e-04 1.060372e-03 1.310686e-03 1.557310e-03 1.776212e-03 1.915175e-03 1.896897e-03 1.666106e-03 1.251386e-03 7.753355e-04 3.820862e-04 1.441307e-04 3.996944e-05 7.822569e-06 1.039628e-06 9.068663e-08 5.046806e-09 1.741273e-10 3.586299e-12 3.727941e-14
3.247788e-08 3.639606e-07 2.619107e-06 1.245888e-05 4.069438e-05 9.611322e-05 1.761168e-04 2.728506e-04 3.874402e-04 5.292691e-04 7.035427e-04 9.025479e-04 1.106951e-03 1.295012e-03 1.445124e-03 1.523777e-03 1.481564e-03 1.282973e-03 9.528819e-04 5.851803e-04 2.869407e-04 1.085393e-04 3.057752e-05 6.188491e-06 8.682078e-07 8.165483e-08 4.998174e-09 1.929646e-10 4.507787e-12 5.341101e-14
2.155905e-06 1.121612e-05 4.261516e-05 1.203943e-04 2.589770e-04 4.382434e-04 6.100388e-04 7.384249e-04 8.225428e-04 8.793911e-04 9.195987e-04 9.417880e-04 9.402136e-04 9.134795e-04 8.663913e-04 8.038820e-04 7.248624e-04 6.240681e-04 5.004463e-04 3.637877e-04 2.332453e-04 1.282921e-04 5.882131e-05 2.182699e-05 6.366626e-06 1.420528e-06 2.366784e-07 2.826797e-08 2.293947e-09 9.753174e-11
2.940200e-08 5.725611e-07 6.069923e-06 3.683734e-05 1.357733e-04 3.266351e-04 5.651133e-04 7.958843e-04 1.023650e-03 1.277906e-03 1.565332e-03 1.860083e-03 2.110763e-03 2.270873e-03 2.324150e-03 2.260514e-03 2.047250e-03 1.661908e-03 1.155393e-03 6.568813e-04 2.920339e-04 9.715700e-05 2.311308e-05 3.738641e-06 3.883737e-07 2.437167e-08 8.709373e-10 1.680731e-11 1.662225e-13 7.294261e-16
1.650071e-07 1.295512e-06 6.777047e-06 2.445443e-05 6.379079e-05 1.284501e-04 2.170899e-04 3.345387e-04 4.959254e-04 7.186083e-04 1.010791e-03 1.362809e-03 1.748550e-03 2.134278e-03 2.472024e-03 2.676616e-03 2.633812e-03 2.274282e-03 1.662832e-03 9.951871e-04 4.723143e-04 1.724004e-04 4.693016e-05 9.228391e-06 1.268686e-06 1.180826e-07 7.223060e-09 2.811328e-10 6.669149e-12 8.065308e-14
4.109579e-06 1.970702e-05 6.788610e-05 1.721716e-04 3.324787e-04 5.123967e-04 6.699707e-04 7.937631e-04 8.971992e-04 9.917138e-04 1.074819e-03 1.135105e-03 1.163306e-03 1.159427e-03 1.128040e-03 1.067100e-03 9.654790e-04 8.143967e-04 6.221833e-04 4.181044e-04 2.399636e-04 1.140747e-04 4.348836e-05 1.286149e-05 2.857621e-06 4.633167e-07 5.346747e-08 4.243264e-09 2.208874e-10 6.029119e-12
2.457222e-07 1.151902e-06 4.024160e-06 1.082273e-05 2.341713e-05 4.310850e-05 7.170494e-05 1.131187e-04 1.734312e-04 2.591240e-04 3.745963e-04 5.205549e-04 6.940002e-04 8.868716e-04 1.079184e-03 1.230490e-03 1.283917e-03 1.193513e-03 9.623822e-04 6.562320e-04 3.693212e-04 1.675165e-04 5.980507e-05 1.641648e-05 3.387710e-06 5.147197e-07 5.652379e-08 4.350976e-09 2.245371e-10 6.204655e-12
3.376666e-08 3.856715e-07 2.617597e-06 1.109156e-05 3.108994e-05 6.211521e-05 9.777607e-05 1.355318e-04 1.794224e-04 2.341747e-04 3.016302e-04 3.794747e-04 4.616721e-04 5.433044e-04 6.245654e-04 7.050824e-04 7.730840e-04 8.023048e-04 7.624550e-04 6.398046e-04 4.551194e-04 2.611769e-04 1.136596e-04 3.491100e-05 7.036055e-06 8.719455e-07 6.303945e-08 2.542954e-09 5.457370e-11 5.280233e-13
1.812289e-07 1.619971e-06 9.056428e-06 3.305200e-05 8.300535e-05 1.539279e-04 2.313643e-04 3.112000e-04 4.015598e-04 5.102840e-04 6.380675e-04 7.769777e-04 9.139800e-04 1.040692e-03 1.156684e-03 1.256285e-03 1.313526e-03 1.285860e-03 1.139681e-03 8.823443e-04 5.739062e-04 2.997606e-04 1.191690e-04 3.396002e-05 6.532625e-06 8.037858e-07 6.052142e-08 2.679064e-09 6.657246e-11 7.800107e-13
8.844632e-07 4.985684e-06 2.020550e-05 6.051917e-05 1.391671e-04 2.587917e-04 4.147807e-04 6.099601e-04 8.585707e-04 1.173410e-03 1.550243e-03 1.962342e-03 2.368130e-03 2.718795e-03 2.949966e-03 2.974311e-03 2.714943e-03 2.177452e-03 1.490060e-03 8.468231e-04 3.899238e-04 1.421347e-04 4.010617e-05 8.568364e-06 1.356156e-06 1.557355e-07 1.272800e-08 7.196377e-10 2.697895e-11 5.458034e-13
1.336768e-05 4.739922e-05 1.283625e-04 2.729128e-04 4.730348e-04 7.016261e-04 9.395341e-04 1.188689e-03 1.457828e-03 1.742582e-03 2.018658e-03 2.249981e-03 2.403691e-03 2.457252e-03 2.391892e-03 2.188634e-03 1.844379e-03 1.397089e-03 9.283232e-04 5.289809e-04 2.532389e-04 9.995882e-05 3.196500e-05 8.141774e-06 1.624375e-06 2.496820e-07 2.909508e-08 2.488234e-09 1.488595e-10 4.892717e-12
7.273777e-06 3.957726e-05 1.389489e-04 3.355746e-04 6.067422e-04 9.117790e-04 1.255512e-03 1.675230e-03 2.194561e-03 2.798605e-03 3.425912e-03 3.992000e-03 4.430436e-03 4.685262e-03 4.662708e-03 4.245779e-03 3.408242e-03 2.318345e-03 1.285572e-03 5.598502e-04 1.845073e-04 4.426269e-05 7.405668e-06 8.246121e-07 5.823524e-08 2.493195e-09 6.224692e-11 8.766624e-13 6.721207e-15 2.463327e-17
2.918018e-07 2.887079e-06 1.732243e-05 6.612059e-05 1.701796e-04 3.184428e-04 4.776537e-04 6.370958e-04 8.126627e-04 1.018140e-03 1.250318e-03 1.486152e-03 1.689715e-03 1.831933e-03 1.899308e-03 1.876010e-03 1.731616e-03 1.446257e-03 1.052459e-03 6.422082e-04 3.165927e-04 1.215990e-04 3.507400e-05 7.302322e-06 1.049858e-06 9.932272e-08 5.890150e-09 2.085029e-10 4.167353e-12 3.947694e-14
1.237405e-06 9.052295e-06 4.343575e-05 1.418896e-04 3.311656e-04 5.894312e-04 8.692796e-04 1.156343e-03 1.471010e-03 1.826859e-03 2.204957e-03 2.552553e-03 2.804108e-03 2.911778e-03 2.850444e-03 2.600586e-03 2.157870e-03 1.575466e-03 9.769303e-04 4.973612e-04 2.014929e-04 6.311603e-05 1.488068e-05 2.572713e-06 3.176952e-07 2.726346e-08 1.580426e-09 5.978080e-11 1.405898e-12 1.706886e-14
2.810540e-07 2.317627e-06 1.252317e-05 4.581488e-05 1.183839e-04 2.289508e-04 3.580668e-04 4.938246e-04 6.433259e-04 8.171624e-04 1.013984e-03 1.216779e-03 1.400385e-03 1.545247e-03 1.638934e-03 1.660035e-03 1.571674e-03 1.347082e-03 1.008800e-03 6.373793e-04 3.284362e-04 1.334194e-04 4.123504e-05 9.337099e-06 1.490165e-06 1.614872e-07 1.149208e-08 5.183783e-10 1.416268e-11 1.947926e-13
1.975717e-05 7.507257e-05 2.095228e-04 4.460750e-04 7.632174e-04 1.119960e-03 1.504418e-03 1.935932e-03 2.427319e-03 2.958072e-03 3.479232e-03 3.940165e-03 4.303157e-03 4.518912e-03 4.496462e-03 4.131927e-03 3.400457e-03 2.429517e-03 1.462421e-03 7.201904e-04 2.817415e-04 8.499909e-05 1.921126e-05 3.166178e-06 3.714703e-07 3.039757e-08 1.705850e-09 6.423035e-11 1.568324e-12 2.076555e-14
3.614948e-06 1.749804e-05 6.395676e-05 1.791344e-04 3.923671e-04 6.915411e-04 1.019477e-03 1.318181e-03 1.568224e-03 1.778717e-03 1.954660e-03 2.085258e-03 2.156322e-03 2.162102e-03 2.099936e-03 1.957937e-03 1.718880e-03 1.384193e-03 9.943163e-04 6.201491e-04 3.273429e-04 1.427264e-04 5.024232e-05 1.398161e-05 3.018622e-06 4.974667e-07 6.172483e-08 5.594412e-09 3.545774e-10 1.234501e-11
4.542729e-06 2.068559e-05 6.972034e-05 1.777891e-04 3.534607e-04 5.710402e-04 7.906540e-04 9.936002e-04 1.186952e-03 1.380138e-03 1.567097e-03 1.726821e-03 1.835852e-03 1.880387e-03 1.855403e-03 1.753454e-03 1.562464e-03 1.282226e-03 9.437181e-04 6.069824e-04 3.330294e-04 1.523982e-04 5.692238e-05 1.698703e-05 3.964675e-06 7.085902e-07 9.504391e-08 9.226211e-09 6.157746e-10 2.205382e-11
4.774168e-07 3.160973e-06 1.481974e-05 5.035403e-05 1.279974e-04 2.543573e-04 4.186550e-04 6.091643e-04 8.282250e-04 1.083669e-03 1.370372e-03 1.663856e-03 1.929477e-03 2.131981e-03 2.230437e-03 2.172271e-03 1.917181e-03 1.486028e-03 9.808429e-04 5.358086e-04 2.359715e-04 8.172859e-05 2.173388e-05 4.335716e-06 6.346850e-07 6.680429e-08 4.965366e-09 2.538670e-10 8.580983e-12 1.571485e-13
1.958369e-07 1.143502e-06 5.024963e-06 1.684935e-05 4.394472e-05 9.159221e-05 1.583389e-04 2.378321e-04 3.257636e-04 4.223917e-04 5.277540e-04 6.366050e-04 7.388751e-04 8.234918e-04 8.791703e-04 8.911001e-04 8.417834e-04 7.227051e-04 5.489311e-04 3.595834e-04 1.984767e-04 9.036045e-05 3.326327e-05 9.718124e-06 2.214873e-06 3.876929e-07 5.140564e-08 5.003483e-09 3.416151e-10 1.277105e-11
1.266072e-07 1.365228e-06 8.866088e-06 3.628621e-05 9.882368e-05 1.919769e-04 2.916344e-04 3.848921e-04 4.797658e-04 5.864139e-04 7.054388e-04 8.267123e-04 9.329910e-04 1.010417e-03 1.055218e-03 1.064238e-03 1.022628e-03 9.100876e-04 7.237719e-04 4.954048e-04 2.811120e-04 1.272898e-04 4.413763e-05 1.118247e-05 1.963091e-06 2.258834e-07 1.616614e-08 6.844860e-10 1.622231e-11 1.799059e-13
3.581902e-07 2.169677e-06 9.644849e-06 3.205396e-05 8.170629e-05 1.655717e-04 2.798509e-04 4.173131e-04 5.779070e-04 7.668642e-04 9.827000e-04 1.208531e-03 1.414236e-03 1.566170e-03 1.633450e-03 1.587911e-03 1.411623e-03 1.118791e-03 7.694389e-04 4.476997e-04 2.154861e-04 8.411926e-05 2.616858e-05 6.384046e-06 1.203025e-06 1.725779e-07 1.858095e-08 1.458157e-09 7.965600e-11 2.395905e-12
5.411958e-07 3.522262e-06 1.643182e-05 5.606892e-05 1.438513e-04 2.883438e-04 4.753379e-04 6.847038e-04 9.115309e-04 1.161145e-03 1.428523e-03 1.689284e-03 1.908850e-03 2.054466e-03 2.093986e-03 1.990996e-03 1.722496e-03 1.315925e-03 8.616349e-04 4.704781e-04 2.089880e-04 7.381298e-05 2.028357e-05 4.247082e-06 6.642269e-07 7.616285e-08 6.295813e-09 3.651682e-10 1.426298e-11 3.044258e-13
4.113926e-09 9.173898e-08 1.092812e-06 7.311046e-06 2.925978e-05 7.582699e-05 1.410623e-04 2.137243e-04 2.959152e-04 3.981739e-04 5.268082e-04 6.783523e-04 8.396293e-04 9.975689e-04 1.147384e-03 1.279464e-03 1.358204e-03 1.325434e-03 1.139414e-03 8.240923e-04 4.767079e-04 2.077991e-04 6.360655e-05 1.265410e-05 1.517594e-06 1.027832e-07 3.732265e-09 6.974120e-11 6.444626e-13 2.583376e-15
4.635713e-06 2.699116e-05 1.100221e-04 3.219402e-04 6.999475e-04 1.186858e-03 1.673481e-03 2.106186e-03 2.504526e-03 2.891305e-03 3.246984e-03 3.523203e-03 3.681843e-03 3.711379e-03 3.599898e-03 3.309327e-03 2.804948e-03 2.120548e-03 1.383034e-03 7.537387e-04 3.327476e-04 1.153488e-04 3.043695e-05 5.931519e-06 8.302024e-07 8.143051e-08 5.482331e-09 2.468561e-10 7.155292e-12 1.106152e-13
7.477090e-08 1.043360e-06 8.427707e-06 4.130189e-05 1.298585e-04 2.813384e-04 4.627693e-04 6.484722e-04 8.504658e-04 1.088878e-03 1.364936e-03 1.653218e-03 1.906811e-03 2.082545e-03 2.158387e-03 2.113631e-03 1.913020e-03 1.542424e-03 1.061623e-03 5.977342e-04 2.643031e-04 8.825643e-05 2.140586e-05 3.619278e-06 4.076746e-07 2.911778e-08 1.254457e-09 3.104276e-11 4.183342e-13 2.620134e-15
8.361169e-07 6.221468e-06 2.996740e-05 9.699755e-05 2.213465e-04 3.800971e-04 5.347249e-04 6.741941e-04 8.125474e-04 9.597405e-04 1.108967e-03 1.240117e-03 1.332366e-03 1.376925e-03 1.372791e-03 1.310340e-03 1.170184e-03 9.459533e-04 6.677137e-04 3.971720e-04 1.922604e-04 7.308478e-05 2.099700e-05 4.373925e-06 6.328647e-07 6.103175e-08 3.781830e-09 1.451849e-10 3.301861e-12 3.732404e-14
1.271560e-08 1.776413e-07 1.558137e-06 8.823661e-06 3.347113e-05 8.947638e-05 1.808877e-04 3.023495e-04 4.560841e-04 6.559909e-04 9.118077e-04 1.213468e-03 1.530196e-03 1.822101e-03 2.040872e-03 2.114571e-03 1.962477e-03 1.566934e-03 1.033426e-03 5.420556e-04 2.183055e-04 6.525460e-05 1.399451e-05 2.081116e-06 2.075675e-07 1.346171e-08 5.524297e-10 1.395663e-11 2.093793e-13 1.595797e-15
2.695728e-07 3.324859e-06 2.436105e-05 1.104183e-04 3.258139e-04 6.689935e-04 1.044728e-03 1.379436e-03 1.688566e-03 2.009040e-03 2.339464e-03 2.637478e-03 2.847233e-03 2.937866e-03 2.906701e-03 2.740468e-03 2.404007e-03 1.891197e-03 1.280336e-03 7.160845e-04 3.179771e-04 1.076727e-04 2.662457e-05 4.584457e-06 5.228235e-07 3.761073e-08 1.634246e-09 4.123368e-11 5.782329e-13 3.864095e-15
6.773527e-07 3.514100e-06 1.368257e-05 4.065480e-05 9.430163e-05 1.762190e-04 2.766482e-04 3.835637e-04 4.928769e-04 6.069401e-04 7.256663e-04 8.419061e-04 9.446044e-04 1.024201e-03 1.072626e-03 1.077712e-03 1.021826e-03 8.926475e-04 6.996028e-04 4.792188e-04 2.798683e-04 1.360909e-04 5.385989e-05 1.697557e-05 4.175627e-06 7.871245e-07 1.119123e-07 1.160251e-08 8.368071e-10 3.265128e-11
1.626732e-06 6.167704e-06 1.788000e-05 4.085776e-05 7.669325e-05 1.245128e-04 1.845765e-04 2.607072e-04 3.583340e-04 4.805187e-04 6.257827e-04 7.894047e-04 9.657922e-04 1.145991e-03 1.308504e-03 1.412426e-03 1.406564e-03 1.257983e-03 9.833066e-04 6.537493e-04 3.597993e-04 1.595982e-04 5.562361e-05 1.488231e-05 2.995269e-06 4.457369e-07 4.835103e-08 3.719461e-09 1.947615e-10 5.543643e-12
1.559568e-07 1.302326e-06 7.139773e-06 2.669194e-05 7.161530e-05 1.478497e-04 2.560310e-04 4.040273e-04 6.116367e-04 9.000128e-04 1.275773e-03 1.719510e-03 2.188286e-03 2.623619e-03 2.941051e-03 3.019300e-03 2.748884e-03 2.139529e-03 1.373254e-03 7.030188e-04 2.783530e-04 8.278271e-05 1.796444e-05 2.761486e-06 2.917180e-07 2.055280e-08 9.390622e-10 2.700521e-11 4.697487e-13 4.190310e-15
6.005978e-07 3.309267e-06 1.365462e-05 4.289179e-05 1.049497e-04 2.066058e-04 3.417517e-04 4.999887e-04 6.789218e-04 8.829135e-04 1.110796e-03 1.347729e-03 1.568580e-03 1.746327e-03 1.853230e-03 1.855227e-03 1.717985e-03 1.434552e-03 1.051801e-03 6.605509e-04 3.475040e-04 1.500811e-04 5.222273e-05 1.438273e-05 3.082637e-06 5.060412e-07 6.269963e-08 5.683296e-09 3.599247e-10 1.249049e-11
7.684651e-08 6.650695e-07 3.808623e-06 1.493024e-05 4.193627e-05 8.985945e-05 1.591801e-04 2.533567e-04 3.842703e-04 5.670780e-04 8.098258e-04 1.104886e-03 1.428435e-03 1.745038e-03 2.001868e-03 2.117549e-03 2.004322e-03 1.638434e-03 1.116494e-03 6.137316e-04 2.640401e-04 8.640680e-05 2.091431e-05 3.639295e-06 4.423204e-07 3.649678e-08 1.990620e-09 6.965037e-11 1.500414e-12 1.670373e-14
1.860777e-07 2.048148e-06 1.314107e-05 5.185924e-05 1.345782e-04 2.503990e-04 3.726884e-04 4.958925e-04 6.340984e-04 7.971891e-04 9.807096e-04 1.165833e-03 1.329845e-03 1.461382e-03 1.555534e-03 1.590536e-03 1.522093e-03 1.313824e-03 9.821065e-04 6.096464e-04 3.005248e-04 1.118128e-04 2.959804e-05 5.224162e-06 5.766194e-07 3.759944e-08 1.383029e-09 2.763005e-11 2.883154e-13 1.369701e-15
3.423960e-06 1.827144e-05 6.830417e-05 1.840357e-04 3.715096e-04 5.930256e-04 8.020705e-04 9.871832e-04 1.164342e-03 1.344120e-03 1.517787e-03 1.664738e-03 1.769107e-03 1.829104e-03 1.845507e-03 1.802297e-03 1.667264e-03 1.418595e-03 1.075320e-03 7.028609e-04 3.828331e-04 1.675218e-04 5.667994e-05 1.427936e-05 2.587692e-06 3.274575e-07 2.824001e-08 1.611392e-09 5.835915e-11 1.099961e-12
2.260533e-07 1.649424e-06 8.530649e-06 3.188366e-05 8.839250e-05 1.885376e-04 3.253724e-04 4.834477e-04 6.573924e-04 8.524240e-04 1.068063e-03 1.286416e-03 1.475514e-03 1.602225e-03 1.639748e-03 1.565211e-03 1.364972e-03 1.057137e-03 7.053914e-04 3.941675e-04 1.798520e-04 6.552922e-05 1.868479e-05 4.091863e-06 6.759283e-07 8.275068e-08 7.380228e-09 4.658988e-10 1.990517e-11 4.632741e-13
1.399099e-06 7.113389e-06 2.649941e-05 7.373580e-05 1.572562e-04 2.664239e-04 3.762763e-04 4.691847e-04 5.453555e-04 6.125612e-04 6.735864e-04 7.239650e-04 7.572381e-04 7.709047e-04 7.669381e-04 7.460326e-04 7.026743e-04 6.279940e-04 5.188878e-04 3.855409e-04 2.504156e-04 1.380790e-04 6.269538e-05 2.273136e-05 6.390487e-06 1.356680e-06 2.126361e-07 2.368752e-08 1.782615e-09 7.043394e-11
3.570371e-07 1.817019e-06 6.755864e-06 1.883119e-05 4.077294e-05 7.199915e-05 1.101634e-04 1.551898e-04 2.101713e-04 2.784740e-04 3.605737e-04 4.528064e-04 5.488510e-04 6.425669e-04 7.276104e-04 7.921730e-04 8.154484e-04 7.743467e-04 6.599382e-04 4.911739e-04 3.109010e-04 1.630272e-04 6.894977e-05 2.288537e-05 5.801070e-06 1.094364e-06 1.501120e-07 1.443646e-08 9.256159e-10 3.112522e-11
2.960571e-05 1.466505e-04 4.618548e-04 9.915724e-04 1.589855e-03 2.128590e-03 2.631447e-03 3.168604e-03 3.756013e-03 4.343913e-03 4.834135e-03 5.135279e-03 5.216896e-03 5.078550e-03 4.682445e-03 3.974795e-03 2.990969e-03 1.916030e-03 1.004076e-03 4.139763e-04 1.290994e-04 2.918821e-05 4.559900e-06 4.664259e-07 2.954472e-08 1.100353e-09 2.306676e-11 2.626244e-13 1.567415e-15 4.343789e-18
1.572403e-06 6.010124e-06 1.762422e-05 4.075778e-05 7.712768e-05 1.251480e-04 1.833446e-04 2.536110e-04 3.401412e-04 4.455132e-04 5.675644e-04 6.991372e-04 8.304955e-04 9.510374e-04 1.046696e-03 1.095733e-03 1.071561e-03 9.571033e-04 7.625558e-04 5.297371e-04 3.140308e-04 1.556102e-04 6.316191e-05 2.058188e-05 5.278787e-06 1.045625e-06 1.571846e-07 1.728811e-08 1.323316e-09 5.447299e-11
3.362761e-07 1.896513e-06 7.495466e-06 2.141207e-05 4.606207e-05 7.886838e-05 1.151849e-04 1.539095e-04 1.977998e-04 2.495755e-04 3.091067e-04 3.730469e-04 4.368357e-04 4.977421e-04 5.547914e-04 6.038919e-04 6.330981e-04 6.243703e-04 5.631562e-04 4.507163e-04 3.098481e-04 1.765057e-04 8.010499e-05 2.781102e-05 7.105589e-06 1.290955e-06 1.620713e-07 1.355837e-08 7.200320e-10 1.944311e-11
4.700616e-09 1.251635e-07 1.754407e-06 1.357757e-05 6.165065e-05 1.778040e-04 3.628075e-04 5.987826e-04 9.006173e-04 1.308908e-03 1.845857e-03 2.482918e-03 3.141268e-03 3.730922e-03 4.151087e-03 4.235687e-03 3.799218e-03 2.843033e-03 1.683806e-03 7.506748e-04 2.399779e-04 5.233069e-05 7.373560e-06 6.332267e-07 3.125152e-08 8.400942e-10 1.176522e-11 8.286565e-14 2.841388e-16 4.275238e-19
2.051897e-08 3.362866e-07 2.949149e-06 1.478904e-05 4.582275e-05 9.644388e-05 1.558732e-04 2.207025e-04 2.990957e-04 3.993367e-04 5.240157e-04 6.671362e-04 8.153236e-04 9.587064e-04 1.096110e-03 1.219164e-03 1.293871e-03 1.266467e-03 1.098136e-03 8.075779e-04 4.797575e-04 2.169157e-04 6.924196e-05 1.429895e-05 1.749337e-06 1.173910e-07 4.066654e-09 6.943675e-11 5.604983e-13 1.886306e-15
2.624129e-07 2.880830e-06 2.049113e-05 9.673599e-05 3.124705e-04 7.200500e-04 1.256549e-03 1.797848e-03 2.294815e-03 2.776055e-03 3.251788e-03 3.667659e-03 3.931831e-03 3.974533e-03 3.777071e-03 3.345484e-03 2.699316e-03 1.916206e-03 1.151692e-03 5.651085e-04 2.191095e-04 6.520247e-05 1.450008e-05 2.349650e-06 2.705987e-07 2.159729e-08 1.164853e-09 4.117545e-11 9.129072e-13 1.059579e-14
2.575017e-05 1.233161e-04 3.798879e-04 8.115123e-04 1.324630e-03 1.848150e-03 2.416306e-03 3.090184e-03 3.884927e-03 4.748426e-03 5.568274e-03 6.230176e-03 6.670331e-03 6.830324e-03 6.586142e-03 5.800229e-03 4.490000e-03 2.935147e-03 1.557613e-03 6.453566e-04 2.004970e-04 4.466800e-05 6.782980e-06 6.643091e-07 3.972400e-08 1.381145e-09 2.682866e-11 2.819516e-13 1.552121e-15 3.980112e-18
3.390149e-06 1.694025e-05 5.920753e-05 1.503013e-04 2.920455e-04 4.659005e-04 6.602065e-04 8.858497e-04 1.161060e-03 1.491260e-03 1.861384e-03 2.243774e-03 2.615509e-03 2.958855e-03 3.231464e-03 3.341753e-03 3.177374e-03 2.687168e-03 1.954532e-03 1.181595e-03 5.727754e-04 2.143267e-04 5.954820e-05 1.183591e-05 1.627931e-06 1.506547e-07 9.169660e-09 3.579266e-10 8.641781e-12 1.082893e-13
1.997196e-07 2.005893e-06 1.287310e-05 5.435992e-05 1.568981e-04 3.260640e-04 5.242482e-04 7.126333e-04 8.902813e-04 1.074183e-03 1.266620e-03 1.449476e-03 1.599718e-03 1.706740e-03 1.767127e-03 1.760546e-03 1.644816e-03 1.389436e-03 1.019831e-03 6.244290e-04 3.056047e-04 1.142452e-04 3.113320e-05 5.912866e-06 7.518177e-07 6.187109e-08 3.206932e-09 1.019222e-10 1.916505e-12 1.812304e-14
1.880343e-09 7.414570e-08 1.338025e-06 1.185146e-05 5.635541e-05 1.611253e-04 3.210673e-04 5.281643e-04 8.131415e-04 1.222678e-03 1.783038e-03 2.471494e-03 3.223428e-03 3.974346e-03 4.622290e-03 4.927888e-03 4.576890e-03 3.488729e-03 2.053360e-03 8.768061e-04 2.536258e-04 4.585209e-05 4.726188e-06 2.529811e-07 6.475338e-09 7.430979e-11 3.651222e-13 7.444400e-16 6.152414e-19 1.927081e-22
8.165614e-06 3.343293e-05 9.971394e-05 2.244296e-04 3.999402e-04 6.000892e-04 8.101005e-04 1.037108e-03 1.291777e-03 1.568978e-03 1.843314e-03 2.079165e-03 2.246245e-03 2.322873e-03 2.283909e-03 2.098405e-03 1.755779e-03 1.299666e-03 8.272201e-04 4.408731e-04 1.919323e-04 6.664709e-05 1.802667e-05 3.707623e-06 5.659767e-07 6.263004e-08 4.915037e-09 2.654309e-10 9.443328e-12 1.805463e-13
6.066738e-05 1.709564e-04 3.646186e-04 6.249071e-04 9.252190e-04 1.267298e-03 1.677519e-03 2.175303e-03 2.751283e-03 3.367717e-03 3.980528e-03 4.557500e-03 5.055539e-03 5.372691e-03 5.345107e-03 4.832276e-03 3.846456e-03 2.611252e-03 1.463267e-03 6.539803e-04 2.249151e-04 5.743703e-05 1.053405e-05 1.347360e-06 1.172664e-07 6.807764e-09 2.594752e-10 6.377540e-12 9.823837e-14 8.119270e-16
4.191771e-08 5.779338e-07 4.508039e-06 2.100920e-05 6.234935e-05 1.277571e-04 2.014937e-04 2.764500e-04 3.608207e-04 4.633295e-04 5.850187e-04 7.171400e-04 8.437244e-04 9.526964e-04 1.040750e-03 1.098972e-03 1.099171e-03 1.005589e-03 8.078785e-04 5.463553e-04 2.976735e-04 1.244597e-04 3.770200e-05 7.735444e-06 1.000491e-06 7.625794e-08 3.237010e-09 7.306317e-11 8.381415e-13 4.240571e-15
2.525883e-05 9.785955e-05 2.822692e-04 6.205622e-04 1.074099e-03 1.530085e-03 1.895619e-03 2.159993e-03 2.358661e-03 2.512632e-03 2.610700e-03 2.627110e-03 2.546621e-03 2.375341e-03 2.129612e-03 1.820752e-03 1.458410e-03 1.067870e-03 6.960693e-04 3.938037e-04 1.889384e-04 7.524989e-05 2.438291e-05 6.302591e-06 1.274334e-06 1.976362e-07 2.306513e-08 1.957085e-09 1.148564e-10 3.666692e-12
5.783926e-06 2.452947e-05 7.839994e-05 1.925972e-04 3.735616e-04 5.935681e-04 8.101890e-04 1.001027e-03 1.170565e-03 1.328735e-03 1.472791e-03 1.587136e-03 1.654554e-03 1.666336e-03 1.621276e-03 1.516412e-03 1.344501e-03 1.105816e-03 8.229574e-04 5.406974e-04 3.064871e-04 1.466852e-04 5.806064e-05 1.862293e-05 4.743855e-06 9.410636e-07 1.427228e-07 1.593722e-08 1.244201e-09 5.231930e-11
1.053502e-05 4.642789e-05 1.447593e-04 3.343847e-04 6.091456e-04 9.449203e-04 1.343979e-03 1.838107e-03 2.452303e-03 3.173065e-03 3.942463e-03 4.682303e-03 5.317373e-03 5.752538e-03 5.835504e-03 5.400701e-03 4.412380e-03 3.078118e-03 1.776400e-03 8.228560e-04 2.969423e-04 8.097361e-05 1.617202e-05 2.293246e-06 2.242265e-07 1.472765e-08 6.355537e-10 1.759535e-11 3.020970e-13 2.735417e-15
7.224488e-07 7.777692e-06 4.666076e-05 1.671416e-04 3.889691e-04 6.586669e-04 9.311208e-04 1.229322e-03 1.590416e-03 2.022416e-03 2.494014e-03 2.943859e-03 3.325645e-03 3.627839e-03 3.813021e-03 3.767132e-03 3.359730e-03 2.582808e-03 1.631601e-03 8.051875e-04 2.929333e-04 7.326630e-05 1.162794e-05 1.079542e-06 5.454277e-08 1.415669e-09 1.808759e-11 1.103068e-13 3.125335e-16 3.745894e-19
6.693118e-06 2.374883e-05 6.280408e-05 1.301433e-04 2.254664e-04 3.503738e-04 5.165364e-04 7.423060e-04 1.042765e-03 1.422390e-03 1.876862e-03 2.402538e-03 2.994276e-03 3.614173e-03 4.149653e-03 4.410621e-03 4.205432e-03 3.478003e-03 2.406902e-03 1.341705e-03 5.796000e-04 1.870254e-04 4.362741e-05 7.156550e-06 8.071425e-07 6.147272e-08 3.116841e-09 1.032945e-10 2.170732e-12 2.444114e-14
6.098100e-08 6.884014e-07 4.761448e-06 2.102222e-05 6.239275e-05 1.331578e-04 2.230712e-04 3.238617e-04 4.414725e-04 5.867167e-04 7.627664e-04 9.589375e-04 1.151515e-03 1.314390e-03 1.427194e-03 1.467154e-03 1.401254e-03 1.205014e-03 8.991060e-04 5.606347e-04 2.818384e-04 1.103693e-04 3.254159e-05 6.971499e-06 1.044208e-06 1.049429e-07 6.789631e-09 2.706162e-10 6.299092e-12 7.136029e-14
1.255122e-05 5.955997e-05 1.898849e-04 4.309160e-04 7.521487e-04 1.109839e-03 1.510009e-03 1.991030e-03 2.573874e-03 3.235178e-03 3.903189e-03 4.487307e-03 4.918099e-03 5.135261e-03 5.042674e-03 4.532161e-03 3.599325e-03 2.434259e-03 1.352765e-03 5.970197e-04 2.023953e-04 5.093376e-05 9.172227e-06 1.136295e-06 9.301008e-08 4.841259e-09 1.549427e-10 2.956095e-12 3.241347e-14 1.768660e-16
1.361181e-07 8.546645e-07 3.952950e-06 1.373635e-05 3.685442e-05 7.929396e-05 1.437871e-04 2.324503e-04 3.517418e-04 5.120033e-04 7.205159e-04 9.740586e-04 1.256680e-03 1.541713e-03 1.789797e-03 1.942193e-03 1.928643e-03 1.706734e-03 1.309878e-03 8.501532e-04 4.561673e-04 1.982382e-04 6.845122e-05 1.844115e-05 3.808803e-06 5.930757e-07 6.854200e-08 5.702729e-09 3.263372e-10 1.015643e-11
3.740385e-05 1.007218e-04 2.188689e-04 3.988159e-04 6.385733e-04 9.420743e-04 1.327042e-03 1.814574e-03 2.412062e-03 3.106530e-03 3.871781e-03 4.671661e-03 5.437183e-03 6.028788e-03 6.238018e-03 5.874252e-03 4.905934e-03 3.543353e-03 2.160068e-03 1.085689e-03 4.400280e-04 1.408975e-04 3.499899e-05 6.638830e-06 9.489261e-07 1.010821e-07 7.951671e-09 4.521508e-10 1.794183e-11 4.031087e-13
9.385963e-09 2.380754e-07 3.145076e-06 2.270636e-05 9.536468e-05 2.528198e-04 4.720424e-04 7.104576e-04 9.734499e-04 1.291595e-03 1.671242e-03 2.078960e-03 2.460633e-03 2.778753e-03 3.001707e-03 3.048467e-03 2.798033e-03 2.206741e-03 1.418420e-03 7.040646e-04 2.546940e-04 6.291980e-05 9.887559e-06 9.206374e-07 4.764707e-08 1.300719e-09 1.799475e-11 1.224234e-13 3.983686e-16 5.617339e-19
3.290450e-08 5.629328e-07 5.547454e-06 3.276365e-05 1.219184e-04 3.055251e-04 5.652649e-04 8.650538e-04 1.212195e-03 1.638243e-03 2.146034e-03 2.683953e-03 3.160195e-03 3.488585e-03 3.600369e-03 3.413695e-03 2.868070e-03 2.039319e-03 1.171232e-03 5.201618e-04 1.715856e-04 4.045881e-05 6.561759e-06 7.030161e-07 4.769000e-08 1.963247e-09 4.715348e-11 6.375094e-13 4.667247e-15 1.622353e-17
2.805586e-06 1.521447e-05 6.203448e-05 1.929248e-04 4.666627e-04 9.020539e-04 1.445378e-03 2.008807e-03 2.538078e-03 3.022849e-03 3.451305e-03 3.779083e-03 3.944361e-03 3.900955e-03 3.632782e-03 3.150736e-03 2.499237e-03 1.771196e-03 1.094196e-03 5.759183e-04 2.531471e-04 9.133264e-05 2.664105e-05 6.197983e-06 1.135739e-06 1.619951e-07 1.778398e-08 1.460062e-09 8.576061e-11 2.831215e-12
3.220142e-06 1.453953e-05 4.914991e-05 1.267525e-04 2.557544e-04 4.179520e-04 5.787940e-04 7.156116e-04 8.285646e-04 9.261948e-04 1.009389e-03 1.068916e-03 1.092880e-03 1.074959e-03 1.015949e-03 9.187858e-04 7.856071e-04 6.225253e-04 4.462197e-04 2.823098e-04 1.540888e-04 7.106661e-05 2.717107e-05 8.457309e-06 2.105637e-06 4.120934e-07 6.232154e-08 7.014057e-09 5.571407e-10 2.396286e-11
6.397854e-07 4.460310e-06 2.052752e-05 6.460123e-05 1.454148e-04 2.488519e-04 3.506869e-04 4.433168e-04 5.356979e-04 6.356690e-04 7.413508e-04 8.422179e-04 9.257105e-04 9.860224e-04 1.024133e-03 1.036279e-03 1.005874e-03 9.116240e-04 7.470899e-04 5.354314e-04 3.241235e-04 1.595458e-04 6.118476e-05 1.744593e-05 3.528276e-06 4.846152e-07 4.356628e-08 2.467557e-09 8.395336e-11 1.412902e-12
1.573383e-05 5.212136e-05 1.349761e-04 2.801427e-04 4.820875e-04 7.182045e-04 9.711582e-04 1.241077e-03 1.534311e-03 1.845714e-03 2.153349e-03 2.427518e-03 2.641589e-03 2.770306e-03 2.778454e-03 2.622266e-03 2.277807e-03 1.777688e-03 1.217767e-03 7.164761e-04 3.547386e-04 1.449495e-04 4.796948e-05 1.262876e-05 2.600957e-06 4.127569e-07 4.980152e-08 4.431091e-09 2.782237e-10 9.673258e-12
1.256479e-08 2.905590e-07 3.586847e-06 2.472815e-05 1.005837e-04 2.583492e-04 4.589596e-04 6.366552e-04 7.824207e-04 9.231110e-04 1.068882e-03 1.204901e-03 1.304999e-03 1.355081e-03 1.360777e-03 1.321848e-03 1.213910e-03 1.011694e-03 7.297797e-04 4.338375e-04 2.017087e-04 6.907448e-05 1.624978e-05 2.436342e-06 2.166842e-07 1.075116e-08 2.835692e-10 3.829665e-12 2.555095e-14 7.465480e-17
1.226068e-06 5.583134e-06 1.936414e-05 5.203100e-05 1.108485e-04 1.932951e-04 2.876305e-04 3.832655e-04 4.782440e-04 5.756107e-04 6.754323e-04 7.715711e-04 8.547166e-04 9.172883e-04 9.543028e-04 9.589498e-04 9.194441e-04 8.244053e-04 6.748986e-04 4.923242e-04 3.126416e-04 1.690109e-04 7.610259e-05 2.794206e-05 8.196036e-06 1.884297e-06 3.337641e-07 4.379998e-08 4.043586e-09 1.997637e-10
6.382002e-05 3.282344e-04 9.895707e-04 1.936780e-03 2.788869e-03 3.410630e-03 3.950580e-03 4.519670e-03 5.121763e-03 5.689698e-03 6.118006e-03 6.350347e-03 6.428842e-03 6.398746e-03 6.197829e-03 5.680809e-03 4.748067e-03 3.474141e-03 2.127680e-03 1.032856e-03 3.697075e-04 8.884779e-05 1.289140e-05 1.020797e-06 4.060103e-08 7.628098e-10 6.487899e-12 2.427449e-14 3.905094e-17 2.498332e-20
1.934891e-06 8.636986e-06 2.822201e-05 6.959845e-05 1.349674e-04 2.171543e-04 3.084335e-04 4.092096e-04 5.252937e-04 6.593918e-04 8.058684e-04 9.514281e-04 1.080632e-03 1.180457e-03 1.237472e-03 1.231966e-03 1.141864e-03 9.604041e-04 7.134422e-04 4.560277e-04 2.447225e-04 1.076913e-04 3.796576e-05 1.047273e-05 2.207100e-06 3.471293e-07 3.985390e-08 3.225502e-09 1.752066e-10 5.068677e-12
3.529397e-06 1.275483e-05 3.501754e-05 7.573946e-05 1.354634e-04 2.123515e-04 3.086876e-04 4.325473e-04 5.928045e-04 7.925654e-04 1.025266e-03 1.275855e-03 1.524953e-03 1.747655e-03 1.904645e-03 1.940058e-03 1.803588e-03 1.491086e-03 1.068837e-03 6.487451e-04 3.260861e-04 1.328557e-04 4.295261e-05 1.078683e-05 2.060151e-06 2.932002e-07 3.051587e-08 2.251300e-09 1.125015e-10 3.040744e-12
1.885390e-08 2.169460e-07 1.578529e-06 7.509248e-06 2.440499e-05 5.754762e-05 1.067474e-04 1.710409e-04 2.560871e-04 3.724726e-04 5.282795e-04 7.234989e-04 9.510161e-04 1.202935e-03 1.467218e-03 1.706244e-03 1.840738e-03 1.775551e-03 1.471244e-03 1.004883e-03 5.416959e-04 2.200654e-04 6.425872e-05 1.288700e-05 1.704370e-06 1.436480e-07 7.504928e-09 2.366054e-10 4.344126e-12 3.956860e-14
2.268039e-07 2.798674e-06 1.793463e-05 6.602922e-05 1.569024e-04 2.767558e-04 4.208384e-04 6.106906e-04 8.736530e-04 1.229178e-03 1.676040e-03 2.180447e-03 2.694374e-03 3.181262e-03 3.587081e-03 3.787493e-03 3.611211e-03 2.973006e-03 2.015008e-03 1.070744e-03 4.237461e-04 1.177728e-04 2.137021e-05 2.315004e-06 1.359186e-07 3.957952e-09 5.328097e-11 3.151863e-13 7.882370e-16 7.587384e-19
1.240402e-06 6.121958e-06 2.141954e-05 5.492135e-05 1.079802e-04 1.730335e-04 2.429237e-04 3.189578e-04 4.072044e-04 5.108787e-04 6.266789e-04 7.458850e-04 8.596667e-04 9.632842e-04 1.051518e-03 1.108458e-03 1.105207e-03 1.013706e-03 8.299607e-04 5.882195e-04 3.495184e-04 1.682431e-04 6.324321e-05 1.788536e-05 3.673112e-06 5.309431e-07 5.262303e-08 3.462521e-09 1.446717e-10 3.120219e-12
3.725587e-08 4.022624e-07 2.623178e-06 1.083257e-05 2.997162e-05 5.983084e-05 9.515400e-05 1.343000e-04 1.816313e-04 2.422863e-04 3.186657e-04 4.087144e-04 5.061543e-04 6.054684e-04 7.057053e-04 8.037779e-04 8.826028e-04 9.089654e-04 8.484301e-04 6.917578e-04 4.733901e-04 2.595950e-04 1.078545e-04 3.181805e-05 6.232795e-06 7.625804e-07 5.539821e-08 2.286560e-09 5.110915e-11 5.226146e-13
2.152778e-09 6.632064e-08 1.060382e-06 9.219659e-06 4.632880e-05 1.458475e-04 3.209572e-04 5.655829e-04 9.017428e-04 1.381744e-03 2.041553e-03 2.852712e-03 3.708768e-03 4.462596e-03 4.932365e-03 4.875011e-03 4.113815e-03 2.807325e-03 1.468837e-03 5.608444e-04 1.492442e-04 2.646235e-05 2.984190e-06 2.036346e-07 7.982236e-09 1.709275e-10 1.912845e-12 1.078491e-14 2.961544e-17 3.580016e-20
7.511323e-06 4.494131e-05 1.649974e-04 3.999001e-04 7.039218e-04 1.013578e-03 1.334160e-03 1.707611e-03 2.154855e-03 2.659199e-03 3.169717e-03 3.635927e-03 4.045065e-03 4.390274e-03 4.596957e-03 4.512235e-03 3.997349e-03 3.066105e-03 1.946653e-03 9.708162e-04 3.569054e-04 8.988657e-05 1.438128e-05 1.364979e-06 7.265691e-08 2.077524e-09 3.091777e-11 2.338769e-13 8.781017e-16 1.479807e-18
1.635592e-07 1.169607e-06 6.034875e-06 2.291914e-05 6.584681e-05 1.487021e-04 2.777898e-04 4.554055e-04 6.905883e-04 9.982013e-04 1.382073e-03 1.817417e-03 2.247693e-03 2.595166e-03 2.771841e-03 2.694473e-03 2.327136e-03 1.736509e-03 1.089253e-03 5.603885e-04 2.314643e-04 7.534653e-05 1.901558e-05 3.665675e-06 5.322841e-07 5.744867e-08 4.549350e-09 2.579162e-10 1.004955e-11 2.178279e-13
5.530945e-06 2.090758e-05 5.957032e-05 1.322002e-04 2.389100e-04 3.717245e-04 5.277085e-04 7.146879e-04 9.429207e-04 1.213660e-03 1.514686e-03 1.825425e-03 2.125180e-03 2.390477e-03 2.579127e-03 2.622842e-03 2.452942e-03 2.053190e-03 1.497279e-03 9.267180e-04 4.743900e-04 1.957008e-04 6.340007e-05 1.573229e-05 2.922085e-06 3.980579e-07 3.908477e-08 2.688912e-09 1.243091e-10 3.108005e-12
2.303871e-06 1.195163e-05 4.287762e-05 1.114640e-04 2.237427e-04 3.755779e-04 5.713109e-04 8.322539e-04 1.183848e-03 1.638690e-03 2.190875e-03 2.827441e-03 3.537470e-03 4.282630e-03 4.936685e-03 5.264555e-03 5.013462e-03 4.103587e-03 2.771895e-03 1.479820e-03 5.973273e-04 1.746833e-04 3.561413e-05 4.898612e-06 4.424918e-07 2.568926e-08 9.423766e-10 2.145434e-11 2.948399e-13 2.108579e-15
1.371990e-05 5.024369e-05 1.412697e-04 3.109339e-04 5.502336e-04 8.118871e-04 1.045551e-03 1.233446e-03 1.386222e-03 1.515397e-03 1.617757e-03 1.679833e-03 1.690658e-03 1.649029e-03 1.558826e-03 1.419826e-03 1.227850e-03 9.867242e-04 7.194221e-04 4.648654e-04 2.604130e-04 1.238584e-04 4.901287e-05 1.581755e-05 4.082466e-06 8.271123e-07 1.293042e-07 1.502283e-08 1.232770e-09 5.481292e-11
2.672533e-07 1.519924e-06 6.495047e-06 2.122689e-05 5.436204e-05 1.128087e-04 1.981368e-04 3.095566e-04 4.497747e-04 6.242625e-04 8.329919e-04 1.062854e-03 1.287292e-03 1.471148e-03 1.574271e-03 1.555942e-03 1.391528e-03 1.099109e-03 7.483515e-04 4.296415e-04 2.040141e-04 7.878530e-05 2.437491e-05 5.959274e-06 1.136600e-06 1.670560e-07 1.870117e-08 1.549284e-09 9.086599e-11 2.968759e-12
2.885600e-07 1.460167e-06 5.637064e-06 1.693312e-05 4.065045e-05 8.082711e-05 1.391383e-04 2.173031e-04 3.197613e-04 4.519543e-04 6.145228e-04 7.978696e-04 9.810130e-04 1.134714e-03 1.225657e-03 1.221892e-03 1.105007e-03 8.876524e-04 6.197570e-04 3.685189e-04 1.832729e-04 7.503550e-05 2.494243e-05 6.648815e-06 1.405375e-06 2.330881e-07 3.003162e-08 2.916710e-09 2.039365e-10 7.955448e-12
2.890597e-07 4.060395e-06 3.083981e-05 1.350596e-04 3.680092e-04 6.882189e-04 1.005011e-03 1.307348e-03 1.640245e-03 2.024656e-03 2.437114e-03 2.814608e-03 3.091135e-03 3.241061e-03 3.252564e-03 3.071548e-03 2.629826e-03 1.948205e-03 1.189625e-03 5.706577e-04 2.047906e-04 5.212600e-05 8.844389e-06 9.317811e-07 5.662690e-08 1.856274e-09 3.107872e-11 2.548922e-13 9.875598e-16 1.624946e-18
8.566829e-06 5.705550e-05 2.151978e-04 5.097755e-04 8.590805e-04 1.192643e-03 1.541601e-03 1.958637e-03 2.463197e-03 3.035840e-03 3.616049e-03 4.141777e-03 4.601981e-03 5.001789e-03 5.269578e-03 5.234157e-03 4.718214e-03 3.698742e-03 2.406280e-03 1.228466e-03 4.575387e-04 1.132085e-04 1.674023e-05 1.337133e-06 5.307206e-08 9.836927e-10 8.155003e-12 2.937246e-14 4.492104e-17 2.701340e-20
2.537092e-05 7.002070e-05 1.559485e-04 2.908724e-04 4.754923e-04 7.137789e-04 1.019811e-03 1.410672e-03 1.891932e-03 2.449123e-03 3.050685e-03 3.652268e-03 4.185839e-03 4.539973e-03 4.570556e-03 4.171154e-03 3.368191e-03 2.352067e-03 1.390528e-03 6.821873e-04 2.724878e-04 8.702189e-05 2.184517e-05 4.243895e-06 6.292671e-07 7.036145e-08 5.872255e-09 3.573686e-10 1.528016e-11 3.702043e-13
2.531615e-07 2.391106e-06 1.436424e-05 5.693482e-05 1.559583e-04 3.141001e-04 5.049719e-04 7.110352e-04 9.442636e-04 1.223561e-03 1.549956e-03 1.897126e-03 2.217726e-03 2.465785e-03 2.608684e-03 2.609776e-03 2.418983e-03 2.011979e-03 1.447873e-03 8.694806e-04 4.211163e-04 1.592793e-04 4.558982e-05 9.561563e-06 1.420008e-06 1.440488e-07 9.627206e-09 4.072397e-10 1.035938e-11 1.314941e-13
6.675837e-07 5.819561e-06 3.230887e-05 1.182639e-04 2.978460e-04 5.456357e-04 7.835385e-04 9.649810e-04 1.104913e-03 1.230693e-03 1.347576e-03 1.440474e-03 1.487911e-03 1.479212e-03 1.420427e-03 1.319758e-03 1.173275e-03 9.729516e-04 7.280686e-04 4.747915e-04 2.607372e-04 1.165434e-04 4.091743e-05 1.085283e-05 2.083750e-06 2.770581e-07 2.445382e-08 1.369534e-09 4.606721e-11 7.625455e-13
1.324675e-06 1.545160e-05 1.063819e-04 4.487224e-04 1.212004e-03 2.223057e-03 3.013911e-03 3.372839e-03 3.457536e-03 3.440946e-03 3.365223e-03 3.207231e-03 2.955097e-03 2.644060e-03 2.323197e-03 2.000478e-03 1.647138e-03 1.247856e-03 8.334897e-04 4.689473e-04 2.108586e-04 7.117516e-05 1.682632e-05 2.602610e-06 2.482053e-07 1.391700e-08 4.424883e-10 7.747701e-12 7.233360e-14 3.158033e-16
9.607776e-07 6.497163e-06 3.062825e-05 1.029676e-04 2.543692e-04 4.814435e-04 7.393671e-04 9.874126e-04 1.223028e-03 1.461654e-03 1.703505e-03 1.923808e-03 2.084855e-03 2.157140e-03 2.128848e-03 1.994371e-03 1.745947e-03 1.391385e-03 9.786954e-04 5.893300e-04 2.953528e-04 1.200761e-04 3.867097e-05 9.643452e-06 1.820439e-06 2.542676e-07 2.568329e-08 1.812608e-09 8.496816e-11 2.115229e-12
3.767575e-08 2.870878e-07 1.550313e-06 6.067913e-06 1.774814e-05 4.047969e-05 7.619303e-05 1.263509e-04 1.955110e-04 2.915572e-04 4.215217e-04 5.865787e-04 7.800797e-04 9.888905e-04 1.191626e-03 1.350001e-03 1.406651e-03 1.309484e-03 1.056345e-03 7.173218e-04 3.991989e-04 1.775410e-04 6.158542e-05 1.626921e-05 3.198112e-06 4.576603e-07 4.673575e-08 3.303235e-09 1.544971e-10 3.844094e-12
2.014992e-07 1.874915e-06 1.104016e-05 4.275427e-05 1.144257e-04 2.265234e-04 3.628235e-04 5.172901e-04 7.026207e-04 9.320036e-04 1.202444e-03 1.488668e-03 1.751552e-03 1.956210e-03 2.072482e-03 2.056574e-03 1.858448e-03 1.473565e-03 9.860465e-04 5.365082e-04 2.292083e-04 7.434906e-05 1.770213e-05 2.985701e-06 3.435869e-07 2.597047e-08 1.243799e-09 3.640095e-11 6.227963e-13 5.283352e-15
2.008566e-07 1.425780e-06 6.729389e-06 2.189726e-05 5.149455e-05 9.331312e-05 1.414103e-04 1.947704e-04 2.581749e-04 3.363926e-04 4.299448e-04 5.339242e-04 6.406156e-04 7.448218e-04 8.439041e-04 9.286873e-04 9.752309e-04 9.502495e-04 8.317972e-04 6.323124e-04 4.026756e-04 2.064199e-04 8.146351e-05 2.360914e-05 4.799168e-06 6.568345e-07 5.850117e-08 3.272727e-09 1.098950e-10 1.827971e-12
1.004908e-06 4.454356e-06 1.453023e-05 3.600586e-05 7.077669e-05 1.167577e-04 1.721820e-04 2.395820e-04 3.241467e-04 4.291011e-04 5.526250e-04 6.883763e-04 8.287667e-04 9.656713e-04 1.084229e-03 1.155612e-03 1.141672e-03 1.016688e-03 7.932008e-04 5.271850e-04 2.902704e-04 1.287079e-04 4.466645e-05 1.179936e-05 2.312153e-06 3.284838e-07 3.318045e-08 2.313675e-09 1.067065e-10 2.622965e-12
5.521906e-06 2.498260e-05 7.906563e-05 1.839416e-04 3.364715e-04 5.251980e-04 7.551384e-04 1.047550e-03 1.418796e-03 1.862681e-03 2.347650e-03 2.831897e-03 3.274749e-03 3.615295e-03 3.743491e-03 3.529851e-03 2.927921e-03 2.063323e-03 1.194468e-03 5.495120e-04 1.941864e-04 5.088043e-05 9.536815e-06 1.235421e-06 1.072203e-07 6.070796e-09 2.194142e-10 4.952553e-12 6.769326e-14 4.820173e-16
2.799969e-07 3.367546e-06 2.349517e-05 9.974209e-05 2.737779e-04 5.263209e-04 7.865762e-04 1.024401e-03 1.265004e-03 1.530380e-03 1.810495e-03 2.068998e-03 2.269371e-03 2.399587e-03 2.455159e-03 2.400984e-03 2.176512e-03 1.756110e-03 1.207464e-03 6.765691e-04 2.944194e-04 9.424148e-05 2.088666e-05 3.011214e-06 2.664215e-07 1.376670e-08 3.994302e-10 6.302212e-12 5.227130e-14 2.004009e-16
8.602157e-07 1.038708e-05 6.575439e-05 2.378950e-04 5.447052e-04 9.013312e-04 1.257610e-03 1.658484e-03 2.152857e-03 2.747437e-03 3.396014e-03 4.014903e-03 4.552109e-03 5.004219e-03 5.314544e-03 5.304166e-03 4.766894e-03 3.675634e-03 2.310045e-03 1.117007e-03 3.869763e-04 8.781266e-05 1.178866e-05 8.483657e-07 3.013317e-08 4.964482e-10 3.632497e-12 1.146264e-14 1.524618e-17 7.933572e-21
1.547331e-06 7.080074e-06 2.407597e-05 6.220860e-05 1.258370e-04 2.074824e-04 2.934926e-04 3.765058e-04 4.587043e-04 5.443236e-04 6.325913e-04 7.171320e-04 7.902598e-04 8.473315e-04 8.858929e-04 8.998327e-04 8.759820e-04 7.996972e-04 6.673024e-04 4.956402e-04 3.190601e-04 1.732488e-04 7.719345e-05 2.746058e-05 7.599014e-06 1.597706e-06 2.500719e-07 2.806551e-08 2.148168e-09 8.693181e-11
2.340423e-07 2.662922e-06 1.778958e-05 7.342886e-05 1.999874e-04 3.933192e-04 6.271166e-04 9.058292e-04 1.263331e-03 1.724113e-03 2.277714e-03 2.876038e-03 3.465303e-03 4.007836e-03 4.430224e-03 4.563890e-03 4.208400e-03 3.318774e-03 2.137099e-03 1.071515e-03 3.971844e-04 1.027187e-04 1.742239e-05 1.824837e-06 1.119281e-07 3.850069e-09 7.183805e-11 7.083338e-13 3.591285e-15 8.377193e-18
7.742864e-09 1.385702e-07 1.348677e-06 7.541379e-06 2.590080e-05 5.937155e-05 1.012601e-04 1.459553e-04 1.971596e-04 2.613181e-04 3.413295e-04 4.344603e-04 5.332797e-04 6.324432e-04 7.327424e-04 8.315095e-04 9.086429e-04 9.258183e-04 8.454889e-04 6.619601e-04 4.212986e-04 2.038280e-04 6.918120e-05 1.513254e-05 1.972526e-06 1.435954e-07 5.553206e-09 1.097257e-10 1.066226e-12 4.470541e-15
7.457552e-06 4.483360e-05 1.727360e-04 4.474218e-04 8.305085e-04 1.206775e-03 1.522358e-03 1.812522e-03 2.116014e-03 2.431608e-03 2.722678e-03 2.939842e-03 3.057745e-03 3.084142e-03 3.018389e-03 2.819416e-03 2.437039e-03 1.878715e-03 1.243656e-03 6.804349e-04 2.955013e-04 9.733379e-05 2.309009e-05 3.732518e-06 3.897150e-07 2.507947e-08 9.576992e-10 2.100687e-11 2.551459e-13 1.485995e-15
9.825825e-08 1.129534e-06 7.449696e-06 3.003817e-05 8.002256e-05 1.554259e-04 2.479671e-04 3.624036e-04 5.149083e-04 7.204369e-04 9.841406e-04 1.293770e-03 1.622730e-03 1.946070e-03 2.239460e-03 2.449815e-03 2.481614e-03 2.243211e-03 1.736754e-03 1.104700e-03 5.534206e-04 2.087410e-04 5.630092e-05 1.022510e-05 1.170841e-06 7.926782e-08 3.000233e-09 6.058092e-11 6.234337e-13 2.843519e-15
1.396479e-06 9.238983e-06 3.952091e-05 1.152640e-04 2.461398e-04 4.221285e-04 6.415210e-04 9.274381e-04 1.309910e-03 1.801210e-03 2.379651e-03 2.993629e-03 3.584408e-03 4.082984e-03 4.368628e-03 4.269028e-03 3.671084e-03 2.670972e-03 1.582660e-03 7.362115e-04 2.591643e-04 6.643029e-05 1.189764e-05 1.426558e-06 1.098662e-07 5.236618e-09 1.497337e-10 2.498269e-12 2.353752e-14 1.092970e-16
2.267562e-07 1.424262e-06 6.507067e-06 2.208101e-05 5.730888e-05 1.185332e-04 2.061641e-04 3.200376e-04 4.658481e-04 6.522974e-04 8.824953e-04 1.150419e-03 1.444603e-03 1.747404e-03 2.019281e-03 2.182979e-03 2.142195e-03 1.845618e-03 1.350521e-03 8.129071e-04 3.904140e-04 1.454354e-04 4.097125e-05 8.540065e-06 1.293160e-06 1.401188e-07 1.073122e-08 5.685548e-10 2.011664e-11 3.896946e-13
5.734791e-09 1.091244e-07 1.132476e-06 6.763388e-06 2.481855e-05 6.074906e-05 1.105201e-04 1.696728e-04 2.435692e-04 3.419004e-04 4.704669e-04 6.259049e-04 7.940434e-04 9.579252e-04 1.104198e-03 1.210764e-03 1.232957e-03 1.121581e-03 8.715710e-04 5.529099e-04 2.736810e-04 1.008407e-04 2.624386e-05 4.541700e-06 4.893503e-07 3.077347e-08 1.067330e-09 1.947405e-11 1.785996e-13 7.187937e-16
1.668831e-07 1.810259e-06 1.253810e-05 5.723566e-05 1.798222e-04 4.131684e-04 7.530905e-04 1.192642e-03 1.762015e-03 2.500238e-03 3.394093e-03 4.349861e-03 5.219159e-03 5.829066e-03 5.971732e-03 5.448727e-03 4.257367e-03 2.734957e-03 1.391268e-03 5.419489e-04 1.568073e-04 3.274337e-05 4.796559e-06 4.791915e-07 3.175452e-08 1.359679e-09 3.674205e-11 6.119650e-13 6.086648e-15 3.138977e-17
1.024735e-06 7.414967e-06 3.490758e-05 1.113468e-04 2.540933e-04 4.469765e-04 6.646042e-04 9.100918e-04 1.206803e-03 1.568109e-03 1.981123e-03 2.410064e-03 2.819204e-03 3.186662e-03 3.475128e-03 3.592340e-03 3.412040e-03 2.869580e-03 2.057052e-03 1.209083e-03 5.592270e-04 1.946286e-04 4.861466e-05 8.318480e-06 9.347457e-07 6.655871e-08 2.918129e-09 7.669541e-11 1.167617e-12 8.838152e-15
1.547000e-05 6.131372e-05 1.693023e-04 3.485625e-04 5.840507e-04 8.737348e-04 1.247738e-03 1.746143e-03 2.390920e-03 3.168188e-03 4.033263e-03 4.941182e-03 5.848667e-03 6.647650e-03 7.102254e-03 6.908504e-03 5.902207e-03 4.268607e-03 2.516095e-03 1.160411e-03 4.003542e-04 9.850873e-05 1.648938e-05 1.798956e-06 1.233652e-07 5.165275e-09 1.290991e-10 1.888111e-12 1.574181e-14 6.578385e-17
4.350379e-06 2.116298e-05 7.687533e-05 2.124480e-04 4.583888e-04 8.005321e-04 1.186024e-03 1.571396e-03 1.948846e-03 2.321937e-03 2.673218e-03 2.962739e-03 3.149599e-03 3.204670e-03 3.101324e-03 2.810429e-03 2.327953e-03 1.714364e-03 1.092473e-03 5.877334e-04 2.610268e-04 9.373691e-05 2.668963e-05 5.914453e-06 1.002506e-06 1.279312e-07 1.211892e-08 8.293471e-10 3.933942e-11 1.035815e-12
1.413701e-06 5.656576e-06 1.742129e-05 4.230816e-05 8.372834e-05 1.409432e-04 2.120369e-04 2.984425e-04 4.049776e-04 5.353653e-04 6.879224e-04 8.549304e-04 1.025390e-03 1.186451e-03 1.319084e-03 1.392307e-03 1.367997e-03 1.221912e-03 9.684754e-04 6.655583e-04 3.879856e-04 1.878532e-04 7.400758e-05 2.325672e-05 5.720737e-06 1.082616e-06 1.552172e-07 1.629654e-08 1.195186e-09 4.752632e-11
2.621117e-07 1.838136e-06 8.900816e-06 3.052434e-05 7.667798e-05 1.478193e-04 2.327750e-04 3.219249e-04 4.166724e-04 5.230728e-04 6.417111e-04 7.647808e-04 8.808340e-04 9.817897e-04 1.062345e-03 1.109859e-03 1.098454e-03 1.000722e-03 8.123624e-04 5.684212e-04 3.314074e-04 1.554211e-04 5.653462e-05 1.538831e-05 3.031685e-06 4.199029e-07 3.990416e-08 2.522978e-09 1.016409e-10 2.125091e-12
4.510407e-08 5.114025e-07 3.660844e-06 1.706198e-05 5.381909e-05 1.210919e-04 2.091276e-04 3.038955e-04 4.052548e-04 5.220586e-04 6.576133e-04 8.033890e-04 9.425115e-04 1.060342e-03 1.148596e-03 1.193132e-03 1.163821e-03 1.030343e-03 7.965140e-04 5.173053e-04 2.716660e-04 1.108941e-04 3.373327e-05 7.315451e-06 1.082459e-06 1.049819e-07 6.447997e-09 2.425081e-10 5.354820e-12 5.846726e-14
1.250365e-07 1.067783e-06 6.225186e-06 2.537356e-05 7.467537e-05 1.659801e-04 2.961308e-04 4.560873e-04 6.482396e-04 8.843616e-04 1.167942e-03 1.482910e-03 1.798352e-03 2.078708e-03 2.279147e-03 2.332157e-03 2.164999e-03 1.762011e-03 1.214822e-03 6.871604e-04 3.094937e-04 1.078496e-04 2.827138e-05 5.424469e-06 7.423667e-07 7.078186e-08 4.606220e-09 1.993520e-10 5.521883e-12 8.126236e-14
1.477915e-06 9.881565e-06 4.513726e-05 1.447302e-04 3.373784e-04 5.993818e-04 8.640417e-04 1.087411e-03 1.275237e-03 1.446932e-03 1.602102e-03 1.718374e-03 1.767157e-03 1.732608e-03 1.617170e-03 1.430146e-03 1.180281e-03 8.860211e-04 5.866633e-04 3.321743e-04 1.562571e-04 5.947808e-05 1.787868e-05 4.146664e-06 7.252309e-07 9.343248e-08 8.656544e-09 5.568468e-10 2.361308e-11 5.299375e-13
5.156616e-08 4.347845e-07 2.304286e-06 8.081752e-06 2.003249e-05 3.823773e-05 6.218233e-05 9.410319e-05 1.389253e-04 2.020400e-04 2.871376e-04 3.943387e-04 5.211739e-04 6.661964e-04 8.272643e-04 9.901341e-04 1.116920e-03 1.150571e-03 1.044593e-03 8.048545e-04 5.048778e-04 2.457969e-04 8.792978e-05 2.180688e-05 3.545367e-06 3.598547e-07 2.191525e-08 7.728111e-10 1.513884e-11 1.400523e-13
2.164713e-09 5.139569e-08 6.673864e-07 4.946452e-06 2.202174e-05 6.281426e-05 1.255859e-04 1.985820e-04 2.807808e-04 3.825967e-04 5.118474e-04 6.660796e-04 8.330080e-04 1.001979e-03 1.171931e-03 1.333142e-03 1.441004e-03 1.421911e-03 1.222358e-03 8.696342e-04 4.822691e-04 1.941544e-04 5.246884e-05 8.822052e-06 8.642844e-07 4.682308e-08 1.348289e-09 2.000888e-11 1.482679e-13 4.861396e-16
2.785503e-06 1.938704e-05 7.850542e-05 2.028649e-04 3.749870e-04 5.670753e-04 7.892907e-04 1.073000e-03 1.440145e-03 1.890550e-03 2.394803e-03 2.912919e-03 3.426816e-03 3.922572e-03 4.325148e-03 4.469199e-03 4.167113e-03 3.360638e-03 2.238568e-03 1.167360e-03 4.459311e-04 1.151138e-04 1.838814e-05 1.671699e-06 8.062717e-08 1.954889e-09 2.291995e-11 1.264050e-13 3.200543e-16 3.401775e-19
6.281113e-07 4.725024e-06 2.359639e-05 8.058516e-05 1.953835e-04 3.535583e-04 5.107958e-04 6.386470e-04 7.434391e-04 8.408688e-04 9.342162e-04 1.013388e-03 1.063712e-03 1.077128e-03 1.055722e-03 1.002340e-03 9.114470e-04 7.747005e-04 5.965467e-04 4.027658e-04 2.308914e-04 1.088498e-04 4.081747e-05 1.174585e-05 2.496752e-06 3.772676e-07 3.909578e-08 2.665134e-09 1.132990e-10 2.428633e-12
1.259108e-07 1.062895e-06 6.018404e-06 2.349361e-05 6.554838e-05 1.375189e-04 2.326418e-04 3.443695e-04 4.782439e-04 6.461084e-04 8.536294e-04 1.093009e-03 1.344830e-03 1.588642e-03 1.806810e-03 1.968474e-03 2.014470e-03 1.878145e-03 1.541284e-03 1.075958e-03 6.181211e-04 2.826864e-04 9.943206e-05 2.595069e-05 4.847738e-06 6.265648e-07 5.437583e-08 3.062225e-09 1.068977e-10 1.898824e-12
1.678091e-06 6.763065e-06 2.026796e-05 4.659496e-05 8.574209e-05 1.334485e-04 1.867622e-04 2.475169e-04 3.197078e-04 4.050829e-04 5.011371e-04 6.025082e-04 7.045753e-04 8.047153e-04 8.973640e-04 9.665843e-04 9.852167e-04 9.259498e-04 7.802749e-04 5.724976e-04 3.545373e-04 1.793480e-04 7.170126e-05 2.195524e-05 5.007171e-06 8.306088e-07 9.829203e-08 8.046938e-09 4.362253e-10 1.250212e-11
1.891403e-08 2.156030e-07 1.534064e-06 7.080669e-06 2.231930e-05 5.159440e-05 9.602614e-05 1.587494e-04 2.496615e-04 3.821988e-04 5.659730e-04 8.008475e-04 1.078027e-03 1.383057e-03 1.681912e-03 1.895435e-03 1.908604e-03 1.647006e-03 1.168237e-03 6.538462e-04 2.770343e-04 8.509639e-05 1.812338e-05 2.562083e-06 2.310545e-07 1.284796e-08 4.284782e-10 8.358226e-12 9.241032e-14 5.035310e-16
3.243417e-06 1.786979e-05 7.336817e-05 2.277306e-04 5.451263e-04 1.034970e-03 1.619875e-03 2.193308e-03 2.700366e-03 3.139181e-03 3.503626e-03 3.754100e-03 3.839905e-03 3.731323e-03 3.424464e-03 2.931965e-03 2.293502e-03 1.596797e-03 9.634730e-04 4.917721e-04 2.079155e-04 7.149019e-05 1.966679e-05 4.263959e-06 7.183638e-07 9.279148e-08 9.074379e-09 6.535986e-10 3.321662e-11 9.468263e-13
4.035080e-06 2.926640e-05 1.279604e-04 3.598456e-04 7.068432e-04 1.079683e-03 1.441842e-03 1.831654e-03 2.283951e-03 2.790530e-03 3.296507e-03 3.723309e-03 4.018736e-03 4.165119e-03 4.122181e-03 3.803459e-03 3.152656e-03 2.251363e-03 1.327887e-03 6.203141e-04 2.197313e-04 5.623154e-05 9.833495e-06 1.105356e-06 7.515197e-08 2.927609e-09 6.253987e-11 7.074977e-13 4.096544e-15 1.078681e-17
2.090662e-07 1.163704e-06 4.858800e-06 1.547384e-05 3.845992e-05 7.702320e-05 1.297076e-04 1.932137e-04 2.672118e-04 3.544929e-04 4.564481e-04 5.692887e-04 6.844554e-04 7.916112e-04 8.791392e-04 9.303590e-04 9.224553e-04 8.366892e-04 6.762641e-04 4.748957e-04 2.830240e-04 1.400590e-04 5.637270e-05 1.809198e-05 4.543474e-06 8.773788e-07 1.282450e-07 1.371156e-08 1.021906e-09 4.115735e-11
1.296579e-07 1.447450e-06 9.607538e-06 3.967819e-05 1.075410e-04 2.052162e-04 3.039465e-04 3.911634e-04 4.771561e-04 5.721304e-04 6.757205e-04 7.776865e-04 8.635356e-04 9.260196e-04 9.682322e-04 9.891410e-04 9.710189e-04 8.877267e-04 7.281303e-04 5.151677e-04 3.013789e-04 1.387788e-04 4.740407e-05 1.122800e-05 1.722869e-06 1.611916e-07 8.754051e-09 2.648141e-10 4.271049e-12 3.148289e-14
5.320243e-07 3.876465e-06 1.981890e-05 7.243659e-05 1.940329e-04 3.944743e-04 6.393010e-04 8.794728e-04 1.096302e-03 1.299048e-03 1.491710e-03 1.657554e-03 1.770467e-03 1.813252e-03 1.780086e-03 1.662936e-03 1.448986e-03 1.143162e-03 7.904087e-04 4.642554e-04 2.250645e-04 8.764068e-05 2.669897e-05 6.200232e-06 1.070380e-06 1.341777e-07 1.195848e-08 7.353800e-10 2.986852e-11 6.494955e-13
1.170695e-08 1.921100e-07 1.618227e-06 7.606398e-06 2.197814e-05 4.394187e-05 7.034712e-05 1.030335e-04 1.476349e-04 2.094654e-04 2.915101e-04 3.920061e-04 5.059699e-04 6.319453e-04 7.708664e-04 9.111143e-04 1.015147e-03 1.025729e-03 8.995069e-04 6.517519e-04 3.674247e-04 1.489990e-04 3.942667e-05 6.129973e-06 5.087421e-07 2.085929e-08 3.990741e-10 3.421091e-12 1.271191e-14 1.854474e-17
1.004988e-07 2.204484e-06 2.392114e-05 1.372599e-04 4.511006e-04 9.345569e-04 1.383158e-03 1.698835e-03 1.952013e-03 2.202341e-03 2.443534e-03 2.628711e-03 2.710720e-03 2.689204e-03 2.593094e-03 2.415218e-03 2.107014e-03 1.645753e-03 1.095255e-03 5.895830e-04 2.421723e-04 7.066760e-05 1.342146e-05 1.506630e-06 9.124931e-08 2.765245e-09 3.963006e-11 2.580193e-13 7.386798e-16 8.458491e-19
2.358393e-09 5.194220e-08 6.442584e-07 4.671944e-06 2.076485e-05 6.024056e-05 1.246510e-04 2.066283e-04 3.077314e-04 4.407640e-04 6.159717e-04 8.311771e-04 1.074434e-03 1.337912e-03 1.615694e-03 1.868900e-03 1.999464e-03 1.887451e-03 1.491810e-03 9.312838e-04 4.298639e-04 1.367281e-04 2.799910e-05 3.478361e-06 2.497624e-07 9.982631e-09 2.158596e-10 2.468458e-12 1.455136e-14 3.946592e-17
9.952412e-06 4.532727e-05 1.502126e-04 3.712536e-04 7.079744e-04 1.091746e-03 1.444583e-03 1.744135e-03 2.011806e-03 2.262045e-03 2.479987e-03 2.634671e-03 2.704015e-03 2.684724e-03 2.576320e-03 2.363418e-03 2.027279e-03 1.580675e-03 1.087934e-03 6.426293e-04 3.170600e-04 1.271976e-04 4.038462e-05 9.877675e-06 1.813770e-06 2.442033e-07 2.361635e-08 1.591204e-09 7.148902e-11 1.725376e-12
7.945276e-08 7.475023e-07 4.741365e-06 2.075217e-05 6.465857e-05 1.497725e-04 2.737966e-04 4.252991e-04 6.030858e-04 8.175419e-04 1.073384e-03 1.357116e-03 1.640871e-03 1.893845e-03 2.080179e-03 2.143625e-03 2.016016e-03 1.670947e-03 1.177696e-03 6.824183e-04 3.149202e-04 1.122286e-04 2.996371e-05 5.819387e-06 7.996927e-07 7.584168e-08 4.858176e-09 2.047658e-10 5.465957e-12 7.691518e-14
1.070270e-05 6.627354e-05 2.712313e-04 7.586913e-04 1.517725e-03 2.315498e-03 2.931068e-03 3.357060e-03 3.690440e-03 3.974225e-03 4.177832e-03 4.250692e-03 4.180150e-03 3.998239e-03 3.725578e-03 3.332638e-03 2.778114e-03 2.081359e-03 1.349966e-03 7.294644e-04 3.151021e-04 1.039956e-04 2.500811e-05 4.185184e-06 4.679552e-07 3.379389e-08 1.534384e-09 4.268986e-11 7.034274e-13 5.868658e-15
2.388212e-08 4.013273e-07 3.881255e-06 2.245432e-05 8.149559e-05 1.972858e-04 3.465463e-04 4.926577e-04 6.315173e-04 7.796239e-04 9.424052e-04 1.105622e-03 1.243963e-03 1.339772e-03 1.389421e-03 1.383039e-03 1.290612e-03 1.085953e-03 7.882729e-04 4.720881e-04 2.229295e-04 7.905233e-05 1.993759e-05 3.373573e-06 3.615544e-07 2.331082e-08 8.665398e-10 1.791752e-11 1.982797e-13 1.020454e-15
2.054236e-06 1.048251e-05 3.875820e-05 1.061440e-04 2.217903e-04 3.684934e-04 5.142055e-04 6.413749e-04 7.547298e-04 8.641373e-04 9.700418e-04 1.062906e-03 1.131301e-03 1.170392e-03 1.181764e-03 1.163699e-03 1.104183e-03 9.873929e-04 8.098545e-04 5.922712e-04 3.753432e-04 2.001215e-04 8.702299e-05 2.989613e-05 7.866493e-06 1.541146e-06 2.193762e-07 2.185915e-08 1.449815e-09 5.026424e-11
4.715338e-06 2.422751e-05 9.386834e-05 2.781653e-04 6.429798e-04 1.191833e-03 1.839526e-03 2.476043e-03 3.045977e-03 3.545486e-03 3.963491e-03 4.253712e-03 4.359097e-03 4.245269e-03 3.905886e-03 3.354193e-03 2.635140e-03 1.847239e-03 1.126439e-03 5.838810e-04 2.521444e-04 8.914516e-05 2.540549e-05 5.754046e-06 1.022041e-06 1.405915e-07 1.480137e-08 1.159369e-09 6.468477e-11 2.029013e-12
1.048343e-06 6.840116e-06 3.178143e-05 1.072671e-04 2.701537e-04 5.270934e-04 8.384661e-04 1.157110e-03 1.470797e-03 1.791115e-03 2.115958e-03 2.415040e-03 2.645619e-03 2.774088e-03 2.776485e-03 2.623896e-03 2.290209e-03 1.792723e-03 1.220317e-03 7.017726e-04 3.320727e-04 1.261697e-04 3.760070e-05 8.591188e-06 1.472070e-06 1.852438e-07 1.679589e-08 1.065398e-09 4.526190e-11 1.039699e-12
3.564673e-06 1.844347e-05 6.864325e-05 1.877599e-04 3.881714e-04 6.301379e-04 8.453862e-04 9.963610e-04 1.093062e-03 1.159578e-03 1.205853e-03 1.226585e-03 1.212956e-03 1.163418e-03 1.085126e-03 9.854687e-04 8.647588e-04 7.197085e-04 5.538414e-04 3.834408e-04 2.324808e-04 1.202091e-04 5.159946e-05 1.787839e-05 4.857769e-06 1.005932e-06 1.545761e-07 1.690074e-08 1.243744e-09 4.780087e-11
1.090174e-07 2.172585e-06 2.294142e-05 1.352852e-04 4.750130e-04 1.078226e-03 1.770437e-03 2.409966e-03 3.042179e-03 3.733764e-03 4.450691e-03 5.059850e-03 5.406759e-03 5.417126e-03 5.077277e-03 4.357137e-03 3.279848e-03 2.054815e-03 1.016503e-03 3.778853e-04 1.007554e-04 1.840882e-05 2.197924e-06 1.628066e-07 7.073767e-09 1.704610e-10 2.166308e-12 1.392290e-14 4.356377e-17 5.968572e-20
5.129196e-08 3.539154e-07 1.786562e-06 6.720662e-06 1.932824e-05 4.405016e-05 8.347421e-05 1.391614e-04 2.150074e-04 3.180519e-04 4.549707e-04 6.283746e-04 8.368858e-04 1.076240e-03 1.332631e-03 1.566674e-03 1.705298e-03 1.666009e-03 1.414070e-03 1.009764e-03 5.880930e-04 2.713224e-04 9.657877e-05 2.592205e-05 5.145828e-06 7.435674e-07 7.720165e-08 5.615759e-09 2.751968e-10 7.300515e-12
1.611657e-06 1.393727e-05 7.128189e-05 2.283620e-04 4.925683e-04 7.904138e-04 1.066992e-03 1.344169e-03 1.658448e-03 2.015737e-03 2.387105e-03 2.721530e-03 2.984542e-03 3.177900e-03 3.293420e-03 3.263337e-03 2.987820e-03 2.426609e-03 1.674910e-03 9.386042e-04 4.051424e-04 1.264175e-04 2.651597e-05 3.472377e-06 2.657522e-07 1.126768e-08 2.541622e-10 2.957138e-12 1.721348e-14 4.470846e-17
6.332320e-07 4.170193e-06 1.861938e-05 5.826788e-05 1.335360e-04 2.378583e-04 3.551578e-04 4.805785e-04 6.231614e-04 7.916978e-04 9.840675e-04 1.185739e-03 1.377158e-03 1.544057e-03 1.675311e-03 1.746956e-03 1.715699e-03 1.541170e-03 1.225786e-03 8.355756e-04 4.725327e-04 2.143430e-04 7.523464e-05 1.967726e-05 3.693271e-06 4.803566e-07 4.199366e-08 2.383806e-09 8.393438e-11 1.503871e-12
5.203203e-06 2.294235e-05 7.624705e-05 1.947626e-04 3.929051e-04 6.498522e-04 9.242266e-04 1.189865e-03 1.446094e-03 1.695819e-03 1.925785e-03 2.109532e-03 2.222734e-03 2.249623e-03 2.174463e-03 1.977310e-03 1.652354e-03 1.235150e-03 8.043262e-04 4.452970e-04 2.049442e-04 7.678155e-05 2.295208e-05 5.371339e-06 9.668399e-07 1.317257e-07 1.339325e-08 9.880273e-10 5.070085e-11 1.441703e-12
1.824004e-07 2.052278e-06 1.360216e-05 5.590265e-05 1.515727e-04 2.935190e-04 4.499894e-04 6.098326e-04 7.893338e-04 1.003371e-03 1.249709e-03 1.504994e-03 1.731158e-03 1.896616e-03 1.985528e-03 1.977430e-03 1.834446e-03 1.531733e-03 1.106318e-03 6.639539e-04 3.183941e-04 1.173902e-04 3.197878e-05 6.160999e-06 7.989911e-07 6.612301e-08 3.313388e-09 9.561036e-11 1.505204e-12 1.098167e-14
2.631820e-06 1.315255e-05 4.588516e-05 1.157008e-04 2.210392e-04 3.410080e-04 4.583667e-04 5.750719e-04 7.014666e-04 8.411927e-04 9.868099e-04 1.124157e-03 1.242217e-03 1.338809e-03 1.411892e-03 1.444709e-03 1.404297e-03 1.260295e-03 1.012299e-03 7.042913e-04 4.095813e-04 1.913911e-04 6.888242e-05 1.830605e-05 3.456351e-06 4.486155e-07 3.897140e-08 2.197515e-09 7.712441e-11 1.385763e-12
6.029385e-08 5.087690e-07 2.877104e-06 1.120582e-05 3.115205e-05 6.496014e-05 1.087806e-04 1.586431e-04 2.164597e-04 2.874794e-04 3.745020e-04 4.748869e-04 5.817985e-04 6.888865e-04 7.916657e-04 8.798402e-04 9.285343e-04 9.033741e-04 7.830767e-04 5.840476e-04 3.616913e-04 1.791348e-04 6.818407e-05 1.915169e-05 3.818948e-06 5.223590e-07 4.761746e-08 2.800064e-09 1.016292e-10 1.868884e-12
2.245822e-07 1.479316e-06 6.831875e-06 2.271251e-05 5.633375e-05 1.095877e-04 1.785276e-04 2.614836e-04 3.639233e-04 4.936353e-04 6.530319e-04 8.347527e-04 1.023347e-03 1.201511e-03 1.350899e-03 1.442880e-03 1.434924e-03 1.291276e-03 1.019258e-03 6.847498e-04 3.806156e-04 1.703955e-04 5.982968e-05 1.603903e-05 3.194595e-06 4.602865e-07 4.679136e-08 3.243588e-09 1.461203e-10 3.445479e-12
2.973251e-08 3.291348e-07 2.359575e-06 1.124548e-05 3.685293e-05 8.697577e-05 1.577117e-04 2.387201e-04 3.279327e-04 4.323194e-04 5.567758e-04 6.969878e-04 8.414708e-04 9.798001e-04 1.104932e-03 1.201003e-03 1.231600e-03 1.152079e-03 9.461739e-04 6.560111e-04 3.687706e-04 1.610784e-04 5.232055e-05 1.210740e-05 1.919815e-06 2.017666e-07 1.367790e-08 5.812314e-10 1.489135e-11 1.926229e-13
1.035912e-08 2.590952e-07 3.153222e-06 2.005936e-05 7.293014e-05 1.701749e-04 2.967247e-04 4.522476e-04 6.619335e-04 9.500602e-04 1.320486e-03 1.751378e-03 2.220751e-03 2.723632e-03 3.214029e-03 3.530355e-03 3.431890e-03 2.786820e-03 1.770802e-03 8.134444e-04 2.455924e-04 4.395958e-05 4.232493e-06 2.020609e-07 4.494395e-09 4.454378e-11 1.907831e-13 3.458986e-16 2.611086e-19 7.706378e-23
7.830229e-07 4.111166e-06 1.634847e-05 4.998832e-05 1.200001e-04 2.327986e-04 3.793503e-04 5.438014e-04 7.174956e-04 8.996250e-04 1.085926e-03 1.261717e-03 1.406044e-03 1.498328e-03 1.518147e-03 1.443344e-03 1.260377e-03 9.853046e-04 6.721076e-04 3.907550e-04 1.895988e-04 7.532882e-05 2.407991e-05 6.092907e-06 1.202012e-06 1.823600e-07 2.101568e-08 1.786690e-09 1.073213e-10 3.584443e-12
3.315164e-08 5.578887e-07 5.584659e-06 3.433383e-05 1.348941e-04 3.573522e-04 6.892399e-04 1.071786e-03 1.490670e-03 1.980327e-03 2.554587e-03 3.166692e-03 3.724412e-03 4.143543e-03 4.362475e-03 4.289965e-03 3.812058e-03 2.927544e-03 1.855757e-03 9.298529e-04 3.535639e-04 9.799944e-05 1.899602e-05 2.466337e-06 2.054479e-07 1.054870e-08 3.224375e-10 5.687241e-12 5.584700e-14 2.658599e-16
1.157028e-08 2.463316e-07 2.523072e-06 1.359418e-05 4.262439e-05 8.737832e-05 1.357623e-04 1.864033e-04 2.478026e-04 3.264230e-04 4.237698e-04 5.343410e-04 6.474678e-04 7.579609e-04 8.687267e-04 9.740899e-04 1.044372e-03 1.031831e-03 8.997974e-04 6.600205e-04 3.839419e-04 1.635641e-04 4.593964e-05 7.548472e-06 6.479795e-07 2.650092e-08 4.826008e-10 3.734328e-12 1.184558e-14 1.401148e-17
1.017391e-05 3.077970e-05 7.351881e-05 1.430278e-04 2.360005e-04 3.463204e-04 4.731351e-04 6.216001e-04 7.960352e-04 9.929524e-04 1.199259e-03 1.396084e-03 1.563661e-03 1.680871e-03 1.720584e-03 1.651996e-03 1.457724e-03 1.156081e-03 8.063210e-04 4.846898e-04 2.464588e-04 1.041596e-04 3.596940e-05 9.981267e-06 2.189510e-06 3.737493e-07 4.892102e-08 4.747891e-09 3.259032e-10 1.230671e-11
9.590544e-07 6.087133e-06 2.724888e-05 8.801474e-05 2.113940e-04 3.933372e-04 5.989066e-04 7.963983e-04 9.828029e-04 1.169753e-03 1.358653e-03 1.533055e-03 1.667921e-03 1.744229e-03 1.753511e-03 1.687742e-03 1.532594e-03 1.281196e-03 9.576624e-04 6.215979e-04 3.408294e-04 1.538236e-04 5.572191e-05 1.579760e-05 3.417092e-06 5.498929e-07 6.427673e-08 5.262796e-09 2.869022e-10 8.260684e-12
4.244379e-07 5.286347e-06 3.475536e-05 1.306988e-04 3.091303e-04 5.157505e-04 6.961308e-04 8.606750e-04 1.039502e-03 1.242427e-03 1.458018e-03 1.657709e-03 1.814510e-03 1.925427e-03 1.998106e-03 2.014835e-03 1.925153e-03 1.680565e-03 1.286201e-03 8.253734e-04 4.217177e-04 1.606978e-04 4.202778e-05 6.858028e-06 6.356468e-07 3.088717e-08 7.399099e-10 8.353279e-12 4.278173e-14 8.896983e-17
9.830055e-07 5.073196e-06 1.908571e-05 5.361374e-05 1.162649e-04 2.038295e-04 3.063440e-04 4.196901e-04 5.490985e-04 7.006668e-04 8.728343e-04 1.055431e-03 1.235964e-03 1.405495e-03 1.553522e-03 1.654216e-03 1.662522e-03 1.534382e-03 1.262537e-03 8.989411e-04 5.373313e-04 2.614005e-04 1.003220e-04 2.948098e-05 6.456285e-06 1.029375e-06 1.171875e-07 9.241493e-09 4.832413e-10 1.340378e-11
7.500603e-08 9.487393e-07 6.757204e-06 2.874118e-05 7.824075e-05 1.485589e-04 2.199691e-04 2.867035e-04 3.580744e-04 4.418258e-04 5.383235e-04 6.404912e-04 7.372124e-04 8.228740e-04 9.006857e-04 9.702663e-04 1.014015e-03 9.990749e-04 8.957986e-04 7.028145e-04 4.607592e-04 2.380055e-04 8.994600e-05 2.286919e-05 3.604298e-06 3.281968e-07 1.633790e-08 4.255790e-10 5.555410e-12 3.149845e-14
1.691680e-07 1.604907e-06 9.566817e-06 3.724183e-05 9.922950e-05 1.925291e-04 2.957360e-04 3.961714e-04 5.008315e-04 6.202987e-04 7.560913e-04 8.981419e-04 1.028075e-03 1.129688e-03 1.196128e-03 1.220818e-03 1.184730e-03 1.063285e-03 8.524736e-04 5.889153e-04 3.383585e-04 1.560903e-04 5.573471e-05 1.479613e-05 2.793291e-06 3.578948e-07 2.975533e-08 1.532481e-09 4.626581e-11 6.753406e-13
7.601739e-08 4.847456e-07 2.221095e-06 7.492383e-06 1.924707e-05 3.947232e-05 6.866123e-05 1.080057e-04 1.613252e-04 2.337765e-04 3.286464e-04 4.452551e-04 5.797189e-04 7.261641e-04 8.724876e-04 9.911526e-04 1.037955e-03 9.717948e-04 7.883942e-04 5.376324e-04 2.991457e-04 1.318696e-04 4.474589e-05 1.137303e-05 2.112604e-06 2.807415e-07 2.621551e-08 1.674532e-09 7.026357e-11 1.572205e-12
1.365632e-05 6.344906e-05 1.911175e-04 4.036347e-04 6.615200e-04 9.424697e-04 1.272555e-03 1.687976e-03 2.204127e-03 2.802073e-03 3.426845e-03 4.019225e-03 4.547502e-03 4.973739e-03 5.188154e-03 5.016133e-03 4.334729e-03 3.220647e-03 1.977368e-03 9.620540e-04 3.537322e-04 9.294377e-05 1.638086e-05 1.815408e-06 1.193156e-07 4.431826e-09 8.965332e-11 9.597912e-13 5.281395e-15 1.332872e-17
1.249648e-06 4.995453e-06 1.499430e-05 3.494041e-05 6.611101e-05 1.074374e-04 1.590584e-04 2.246054e-04 3.093537e-04 4.165622e-04 5.449337e-04 6.888975e-04 8.413079e-04 9.939244e-04 1.131539e-03 1.224667e-03 1.232870e-03 1.125016e-03 9.062282e-04 6.278308e-04 3.645381e-04 1.728005e-04 6.511197e-05 1.899321e-05 4.182646e-06 6.797652e-07 7.994363e-08 6.589280e-09 3.637518e-10 1.069805e-11
3.016512e-08 2.537490e-07 1.439387e-06 5.656035e-06 1.596129e-05 3.403079e-05 5.873231e-05 8.885934e-05 1.260903e-04 1.737680e-04 2.337445e-04 3.046937e-04 3.833334e-04 4.673334e-04 5.545188e-04 6.356963e-04 6.882946e-04 6.814426e-04 5.949452e-04 4.407420e-04 2.657945e-04 1.248700e-04 4.373394e-05 1.096394e-05 1.899704e-06 2.210608e-07 1.688619e-08 8.248181e-10 2.480523e-11 3.817503e-13
4.635731e-06 1.641067e-05 4.401377e-05 9.274361e-05 1.612238e-04 2.452590e-04 3.456645e-04 4.692525e-04 6.224636e-04 8.047382e-04 1.006246e-03 1.211325e-03 1.403478e-03 1.563103e-03 1.658267e-03 1.644375e-03 1.486179e-03 1.191643e-03 8.258347e-04 4.826513e-04 2.323516e-04 9.002277e-05 2.742429e-05 6.418060e-06 1.128215e-06 1.458939e-07 1.362318e-08 8.922563e-10 3.927096e-11 9.365050e-13
3.260110e-06 2.068014e-05 8.356847e-05 2.268895e-04 4.434088e-04 6.832932e-04 9.200476e-04 1.172226e-03 1.462886e-03 1.791558e-03 2.128737e-03 2.424502e-03 2.635947e-03 2.743771e-03 2.729334e-03 2.551155e-03 2.173047e-03 1.625361e-03 1.027729e-03 5.294519e-04 2.143695e-04 6.576772e-05 1.469875e-05 2.290650e-06 2.374246e-07 1.561354e-08 6.241277e-10 1.458067e-11 1.905816e-13 1.197276e-15
5.178001e-07 2.605375e-06 9.704923e-06 2.747393e-05 6.124657e-05 1.126827e-04 1.809625e-04 2.678879e-04 3.796670e-04 5.226094e-04 6.968923e-04 8.931936e-04 1.094206e-03 1.277791e-03 1.415665e-03 1.470155e-03 1.402526e-03 1.198873e-03 8.948613e-04 5.692447e-04 3.018229e-04 1.306881e-04 4.532768e-05 1.235911e-05 2.600590e-06 4.147001e-07 4.925044e-08 4.215154e-09 2.478257e-10 7.886866e-12
9.376267e-08 1.108738e-06 7.926719e-06 3.568475e-05 1.061906e-04 2.226220e-04 3.590627e-04 4.953391e-04 6.391054e-04 8.052522e-04 9.960855e-04 1.196331e-03 1.377273e-03 1.513047e-03 1.591869e-03 1.601638e-03 1.513576e-03 1.300033e-03 9.758316e-04 6.151675e-04 3.133932e-04 1.242464e-04 3.687568e-05 7.855141e-06 1.146372e-06 1.091476e-07 6.467739e-09 2.278018e-10 4.526472e-12 4.272550e-14
9.397700e-07 5.573301e-06 2.378111e-05 7.447921e-05 1.757903e-04 3.243136e-04 4.914277e-04 6.494881e-04 7.934547e-04 9.317158e-04 1.066193e-03 1.185223e-03 1.270154e-03 1.306731e-03 1.289901e-03 1.217626e-03 1.085217e-03 8.928002e-04 6.594879e-04 4.253038e-04 2.332761e-04 1.062381e-04 3.927705e-05 1.153327e-05 2.631956e-06 4.567739e-07 5.902428e-08 5.475453e-09 3.461042e-10 1.167650e-11
3.369190e-07 2.799004e-06 1.562058e-05 6.010478e-05 1.649250e-04 3.378340e-04 5.496931e-04 7.662277e-04 9.828714e-04 1.213228e-03 1.458944e-03 1.697503e-03 1.890881e-03 2.005275e-03 2.021471e-03 1.925154e-03 1.701222e-03 1.355536e-03 9.421540e-04 5.528726e-04 2.657926e-04 1.018349e-04 3.030031e-05 6.827037e-06 1.135502e-06 1.358456e-07 1.139141e-08 6.468520e-10 2.367855e-11 4.540437e-13
1.532547e-07 1.412637e-06 8.872722e-06 3.878702e-05 1.214260e-04 2.833917e-04 5.215319e-04 8.120856e-04 1.147347e-03 1.540247e-03 1.990985e-03 2.461682e-03 2.884468e-03 3.186692e-03 3.297515e-03 3.142323e-03 2.679255e-03 1.974259e-03 1.214968e-03 6.054836e-04 2.377659e-04 7.177252e-05 1.627189e-05 2.709188e-06 3.240892e-07 2.727726e-08 1.584028e-09 6.187113e-11 1.563861e-12 2.128163e-14
9.769689e-08 6.239742e-07 2.860898e-06 9.677179e-06 2.505959e-05 5.222534e-05 9.318641e-05 1.515602e-04 2.350242e-04 3.536293e-04 5.145808e-04 7.161820e-04 9.444898e-04 1.174080e-03 1.368270e-03 1.477368e-03 1.448007e-03 1.254940e-03 9.354460e-04 5.841848e-04 2.984624e-04 1.221192e-04 3.925151e-05 9.735122e-06 1.831533e-06 2.570264e-07 2.645794e-08 1.938366e-09 9.638193e-11 2.590090e-12
1.382107e-07 1.436460e-06 9.044486e-06 3.610051e-05 9.685558e-05 1.891648e-04 2.982299e-04 4.216910e-04 5.727966e-04 7.632283e-04 9.914963e-04 1.241980e-03 1.497235e-03 1.750089e-03 1.987892e-03 2.159619e-03 2.172592e-03 1.944266e-03 1.481967e-03 9.173212e-04 4.366621e-04 1.503953e-04 3.519893e-05 5.280946e-06 4.833372e-07 2.593809e-08 7.916893e-10 1.339903e-11 1.220616e-13 5.257006e-16
7.315341e-07 3.392638e-06 1.190633e-05 3.227672e-05 6.953624e-05 1.237633e-04 1.910836e-04 2.694753e-04 3.616698e-04 4.716098e-04 5.990603e-04 7.375642e-04 8.768798e-04 1.006300e-03 1.113079e-03 1.176388e-03 1.166899e-03 1.060704e-03 8.612554e-04 6.094141e-04 3.671163e-04 1.841240e-04 7.523060e-05 2.451677e-05 6.245028e-06 1.220344e-06 1.799066e-07 1.932507e-08 1.441009e-09 5.785209e-11
1.133021e-08 1.874500e-07 1.697631e-06 8.952742e-06 2.967540e-05 6.810508e-05 1.222467e-04 1.943205e-04 2.961432e-04 4.428362e-04 6.452353e-04 9.011450e-04 1.191812e-03 1.491384e-03 1.768818e-03 1.965712e-03 1.987104e-03 1.753194e-03 1.290337e-03 7.572658e-04 3.390203e-04 1.106782e-04 2.508665e-05 3.732564e-06 3.424742e-07 1.818785e-08 5.279359e-10 7.979513e-12 5.998382e-14 1.967959e-16
2.826966e-08 1.969504e-07 9.944623e-07 3.707271e-06 1.046586e-05 2.318819e-05 4.233134e-05 6.752270e-05 9.954822e-05 1.407837e-04 1.934144e-04 2.575798e-04 3.313648e-04 4.122842e-04 4.970187e-04 5.768942e-04 6.328745e-04 6.384540e-04 5.742622e-04 4.462444e-04 2.902794e-04 1.531852e-04 6.362088e-05 2.022051e-05 4.798222e-06 8.325412e-07 1.038284e-07 9.033550e-09 5.249211e-10 1.618801e-11
4.479202e-09 1.342674e-07 2.083846e-06 1.756305e-05 8.509929e-05 2.542210e-04 5.151222e-04 8.061612e-04 1.115248e-03 1.481312e-03 1.926160e-03 2.423136e-03 2.900788e-03 3.289295e-03 3.552234e-03 3.631446e-03 3.406908e-03 2.795412e-03 1.902804e-03 1.019940e-03 4.088526e-04 1.160776e-04 2.196115e-05 2.587305e-06 1.770875e-07 6.609063e-09 1.276572e-10 1.225182e-12 5.631735e-15 1.109346e-17
3.341093e-06 1.610318e-05 5.500371e-05 1.379997e-04 2.671311e-04 4.258209e-04 6.015352e-04 8.002980e-04 1.034220e-03 1.302731e-03 1.583951e-03 1.839390e-03 2.029401e-03 2.122923e-03 2.090892e-03 1.904537e-03 1.561201e-03 1.116427e-03 6.755182e-04 3.362323e-04 1.341839e-04 4.193343e-05 1.003430e-05 1.798459e-06 2.361015e-07 2.219334e-08 1.460474e-09 6.529897e-11 1.898017e-12 2.952765e-14
3.802446e-07 2.168728e-06 9.068774e-06 2.839958e-05 6.858885e-05 1.330575e-04 2.185403e-04 3.220065e-04 4.465363e-04 5.975545e-04 7.746466e-04 9.682978e-04 1.163672e-03 1.344059e-03 1.485335e-03 1.547489e-03 1.483072e-03 1.269878e-03 9.433739e-04 5.913181e-04 3.045575e-04 1.256492e-04 4.052029e-05 9.982550e-06 1.839985e-06 2.491391e-07 2.439717e-08 1.681554e-09 7.829887e-11 1.981314e-12
1.163466e-06 6.326183e-06 2.542674e-05 7.693370e-05 1.796899e-04 3.355305e-04 5.248278e-04 7.261973e-04 9.345675e-04 1.154297e-03 1.380983e-03 1.595020e-03 1.770486e-03 1.885684e-03 1.921282e-03 1.851952e-03 1.653600e-03 1.331199e-03 9.395356e-04 5.662992e-04 2.845666e-04 1.165650e-04 3.809736e-05 9.732807e-06 1.906106e-06 2.810785e-07 3.071194e-08 2.413125e-09 1.304574e-10 3.854245e-12
5.479005e-06 1.952460e-05 5.364288e-05 1.165091e-04 2.070914e-04 3.151715e-04 4.322402e-04 5.589958e-04 7.008682e-04 8.589452e-04 1.025807e-03 1.188595e-03 1.335427e-03 1.457069e-03 1.539730e-03 1.557471e-03 1.478043e-03 1.284451e-03 9.970273e-04 6.747582e-04 3.888494e-04 1.863893e-04 7.260337e-05 2.246930e-05 5.409833e-06 9.944231e-07 1.373125e-07 1.377873e-08 9.591883e-10 3.614856e-11
6.066201e-08 1.052481e-06 9.641567e-06 4.958814e-05 1.538598e-04 3.149690e-04 4.798997e-04 6.253441e-04 7.721622e-04 9.378132e-04 1.118309e-03 1.290536e-03 1.426067e-03 1.514479e-03 1.559240e-03 1.544773e-03 1.429024e-03 1.182146e-03 8.341724e-04 4.781834e-04 2.111727e-04 6.747602e-05 1.446414e-05 1.912608e-06 1.438270e-07 5.739400e-09 1.152048e-10 1.117841e-12 5.063796e-15 9.613471e-18
1.680525e-07 9.223970e-07 3.625670e-06 1.053291e-05 2.359041e-05 4.307723e-05 6.855863e-05 1.013046e-04 1.448405e-04 2.032178e-04 2.788411e-04 3.710878e-04 4.767968e-04 5.920343e-04 7.111811e-04 8.210746e-04 8.955879e-04 9.003279e-04 8.112594e-04 6.369759e-04 4.237443e-04 2.321194e-04 1.016355e-04 3.449401e-05 8.799772e-06 1.639221e-06 2.172719e-07 1.974505e-08 1.169832e-09 3.580182e-11
4.875267e-08 3.534156e-07 1.743986e-06 6.051928e-06 1.542213e-05 3.063095e-05 5.116120e-05 7.765725e-05 1.131025e-04 1.613314e-04 2.248138e-04 3.029774e-04 3.923476e-04 4.886767e-04 5.868037e-04 6.748649e-04 7.287379e-04 7.176797e-04 6.240808e-04 4.638927e-04 2.854439e-04 1.407004e-04 5.366393e-05 1.527010e-05 3.125005e-06 4.443628e-07 4.259116e-08 2.656604e-09 1.028854e-10 2.019475e-12
9.838076e-07 3.724650e-06 1.090605e-05 2.535359e-05 4.848810e-05 7.983018e-05 1.189715e-04 1.676323e-04 2.291510e-04 3.060598e-04 3.980244e-04 5.016880e-04 6.122875e-04 7.243917e-04 8.287853e-04 9.073382e-04 9.330314e-04 8.807278e-04 7.449874e-04 5.514777e-04 3.490533e-04 1.845963e-04 7.972039e-05 2.749469e-05 7.416103e-06 1.535187e-06 2.399310e-07 2.732646e-08 2.161241e-09 9.170115e-11
9.437371e-07 5.742859e-06 2.391280e-05 7.020950e-05 1.511485e-04 2.517279e-04 3.479883e-04 4.312377e-04 5.087843e-04 5.879380e-04 6.674441e-04 7.387496e-04 7.921350e-04 8.236102e-04 8.347699e-04 8.242813e-04 7.821105e-04 6.954833e-04 5.624262e-04 4.009046e-04 2.439949e-04 1.225757e-04 4.898090e-05 1.495955e-05 3.353805e-06 5.314854e-07 5.761556e-08 4.112635e-09 1.839382e-10 4.168071e-12
9.813284e-08 1.207564e-06 8.869872e-06 4.043535e-05 1.200085e-04 2.466559e-04 3.817379e-04 4.936261e-04 5.872846e-04 6.789663e-04 7.724823e-04 8.585362e-04 9.236498e-04 9.625796e-04 9.808139e-04 9.802207e-04 9.467299e-04 8.574715e-04 7.017480e-04 4.983188e-04 2.932683e-04 1.354451e-04 4.610190e-05 1.083126e-05 1.652706e-06 1.555682e-07 8.672744e-09 2.764158e-10 4.837439e-12 3.972995e-14
7.689233e-08 7.332119e-07 4.281155e-06 1.607656e-05 4.126145e-05 7.833214e-05 1.215172e-04 1.702822e-04 2.301809e-04 3.068574e-04 4.022906e-04 5.130988e-04 6.322403e-04 7.552265e-04 8.818720e-04 1.006301e-03 1.104372e-03 1.133590e-03 1.052287e-03 8.513398e-04 5.756367e-04 3.093284e-04 1.244503e-04 3.512675e-05 6.530496e-06 7.568565e-07 5.230405e-08 2.072539e-09 4.504556e-11 4.545727e-13
3.416923e-07 2.756659e-06 1.538753e-05 6.054028e-05 1.721413e-04 3.666179e-04 6.153920e-04 8.697365e-04 1.109048e-03 1.341958e-03 1.571550e-03 1.778989e-03 1.937533e-03 2.031085e-03 2.049465e-03 1.968305e-03 1.753031e-03 1.398757e-03 9.645899e-04 5.553664e-04 2.582029e-04 9.381603e-05 2.580678e-05 5.216971e-06 7.547223e-07 7.637477e-08 5.305195e-09 2.468198e-10 7.410150e-12 1.188349e-13
1.348339e-06 7.605716e-06 3.018814e-05 8.633132e-05 1.835872e-04 3.034893e-04 4.142468e-04 5.006869e-04 5.694844e-04 6.307553e-04 6.857797e-04 7.281580e-04 7.508959e-04 7.528712e-04 7.381326e-04 7.081239e-04 6.567211e-04 5.750531e-04 4.618719e-04 3.301025e-04 2.034573e-04 1.045674e-04 4.321051e-05 1.382164e-05 3.298543e-06 5.682304e-07 6.871591e-08 5.626890e-09 2.972325e-10 8.101186e-12
9.553946e-07 5.589806e-06 2.313836e-05 6.935017e-05 1.551920e-04 2.705318e-04 3.889219e-04 4.930049e-04 5.852890e-04 6.746442e-04 7.624325e-04 8.409465e-04 9.000124e-04 9.345428e-04 9.448958e-04 9.288148e-04 8.757194e-04 7.730119e-04 6.204858e-04 4.394936e-04 2.665664e-04 1.342535e-04 5.436863e-05 1.712884e-05 4.064769e-06 7.052961e-07 8.720144e-08 7.410520e-09 4.121688e-10 1.193783e-11
3.146875e-06 1.887794e-05 7.828827e-05 2.311506e-04 5.063419e-04 8.721957e-04 1.272037e-03 1.690419e-03 2.149018e-03 2.653538e-03 3.162862e-03 3.599869e-03 3.890013e-03 3.985153e-03 3.845099e-03 3.427059e-03 2.737040e-03 1.892512e-03 1.095900e-03 5.156466e-04 1.918117e-04 5.498623e-05 1.185126e-05 1.873696e-06 2.119788e-07 1.674789e-08 9.030649e-10 3.232610e-11 7.380983e-13 8.984461e-15
6.627718e-07 3.620685e-06 1.444420e-05 4.301238e-05 9.850912e-05 1.807948e-04 2.804373e-04 3.900050e-04 5.111425e-04 6.487118e-04 8.013894e-04 9.589522e-04 1.107213e-03 1.233652e-03 1.324913e-03 1.358321e-03 1.302612e-03 1.137358e-03 8.785264e-04 5.837480e-04 3.247994e-04 1.473987e-04 5.316177e-05 1.485965e-05 3.143939e-06 4.929027e-07 5.621455e-08 4.520757e-09 2.451397e-10 7.133028e-12
2.550398e-07 2.078514e-06 1.098312e-05 3.907510e-05 9.818789e-05 1.858386e-04 2.880527e-04 3.996631e-04 5.295706e-04 6.878379e-04 8.751217e-04 1.078851e-03 1.276982e-03 1.449667e-03 1.583637e-03 1.658640e-03 1.636013e-03 1.475733e-03 1.176477e-03 8.007537e-04 4.498732e-04 2.017062e-04 6.966828e-05 1.783777e-05 3.248614e-06 4.036085e-07 3.289902e-08 1.688388e-09 5.184150e-11 7.857429e-13
4.890419e-06 2.376469e-05 8.528461e-05 2.304767e-04 4.819149e-04 8.097424e-04 1.149162e-03 1.457184e-03 1.733665e-03 1.990081e-03 2.219304e-03 2.398389e-03 2.508836e-03 2.544042e-03 2.493958e-03 2.331341e-03 2.028153e-03 1.594235e-03 1.098642e-03 6.445946e-04 3.129543e-04 1.223052e-04 3.748011e-05 8.793342e-06 1.546596e-06 2.003177e-07 1.882589e-08 1.250607e-09 5.643495e-11 1.394299e-12
4.098704e-07 3.668554e-06 2.020771e-05 7.163330e-05 1.726186e-04 3.045301e-04 4.340812e-04 5.545233e-04 6.810277e-04 8.239167e-04 9.794157e-04 1.131220e-03 1.260112e-03 1.358703e-03 1.429893e-03 1.465220e-03 1.432825e-03 1.294889e-03 1.042642e-03 7.199110e-04 4.089618e-04 1.821876e-04 6.014964e-05 1.382720e-05 2.081318e-06 1.943271e-07 1.077118e-08 3.412599e-10 5.924984e-12 4.815506e-14
