-4.278716
-4.418415
-4.386648
-4.465569
-4.541024
-4.551374
-4.172012
-4.331904
-4.325627
-4.363784
-4.640120
-4.620100
-4.461320
-4.500517
-4.741074
-4.516713
-4.516713
-4.667570
-4.667345
-4.714235
-4.579842
-4.683581
-4.692238
-4.692238
-4.546502
-4.539521
-4.546501
-4.290852
-4.263122
-4.276174
-4.477778
-4.623215
-4.413639
-4.352497
-4.392226
-4.371438
-4.508595
-4.544129
-4.590885
-4.507111
-4.419062
-4.397631
-4.264273
-4.418635
-4.329430
-4.307316
-4.373150
-4.298587
-4.409008
-4.393836
-4.287641
-4.292222
-4.397620
-4.413295
-4.460233
-4.420456
-4.371887
-4.216753
-4.249696
-4.341568
-4.324835
-4.459527
-4.514923
-4.483307
-4.216275
-4.114989
-4.137276
-4.079820
-4.111539
-4.142372
-4.282167
-4.439078
-4.603363
-4.556791
-4.092651
-4.155588
-4.300614
-4.525139
-4.505399
-4.438680
-4.443217
-4.470717
-4.708301
-4.764910
-4.951254
-4.982688
-4.955859
-4.917282
-4.917502
-4.726494
-4.745821
-4.714211
-4.751364
-4.750890
-4.714497
-4.671870
-4.672270
-4.616753
-4.636756
-4.682239
-4.682904
-4.495739
-4.615403
-4.529493
-4.561551
-4.424733
-4.238214
-4.084883
-3.925028
-3.924616
-3.829467
-3.827825
-4.147865
-4.155854
-4.164398
-4.102017
-3.891059
-3.950618
-3.858620
-3.997436
-3.896156
-3.896156
-3.886264
-4.007818
-4.007818
-4.089810
-4.167984
-4.287296
-4.463072
-4.230561
-4.426089
-4.283722
-4.267919
-4.255314
-4.096978
-4.260239
-4.247252
-4.251778
-4.653377
-4.597833
-4.602192
-4.741977
-4.718750
-4.682284
-4.744282
-4.744282
-4.732330
-4.723298
-4.723298
-4.862278
-4.959317
-4.929406
-4.629795
-4.408541
-4.268957
-4.662332
-4.790224
-4.723795
-4.724821
-4.727580
-4.619639
-4.786531
-4.610271
-4.553333
-4.714415
-4.760523
-4.560677
-4.452323
-4.571275
-4.667959
-4.667959
-4.704580
-4.759889
-4.841440
-4.826235
-4.787330
-4.762513
-4.724712
-4.776366
-4.687744
-4.691211
-4.647522
-4.796382
-4.760529
-4.954823
-4.954823
-4.961030
-5.004728
-4.923701
-5.018951
-4.995311
-4.877312
-4.663538
-4.621183
-4.478105
-4.524960
-4.521279
-4.518202
-4.518202
-4.518202
-4.636791
-4.673434
-4.686133
-4.440909
-4.455027
-4.541555
-4.387096
-4.281640
-4.286234
-4.347964
-4.456023
-4.506950
-4.487758
-4.364757
-4.563772
-4.733921
-4.733921
-4.799646
-4.799646
-4.712626
-4.676758
-4.668806
-4.700416
-4.783828
-4.716822
-4.710284
-4.601722
-4.414648
-4.463277
-4.208874
-3.957752
-4.436943
-4.458818
-4.593797
-4.604584
-4.619545
-4.699737
-4.650380
-4.644740
-4.645713
-4.706923
-4.742208
-4.656618
-4.663691
-4.724062
-4.667274
-4.769245
-4.725108
-4.625343
-4.603719
-4.736972
-4.685659
-4.793436
-4.843360
-4.860390
-4.843482
-4.632680
-4.918826
-4.918826
-4.722019
-4.785399
-4.742032
-4.868118
-4.590736
-4.210150
-4.179695
-4.523808
-4.613624
-4.585865
-4.431827
-4.680473
-4.728529
-4.754561
-4.625005
-4.553059
-4.543171
-4.564895
-4.564895
-4.564895
-4.575834
-4.626818
-4.622277
-4.922320
-4.991598
-4.988576
-5.015661
-4.988592
-5.176300
-5.109938
-5.111228
-5.026851
-5.020920
-5.042591
-5.136525
-5.097632
-5.056927
-5.099881
-5.072598
-5.084683
-5.042129
-4.987395
-4.996826
-4.780336
-4.794851
-4.607394
-4.556906
-4.665559
-4.616895
-4.719391
-4.722465
-4.596456
-4.596099
-4.567470
-4.535519
-4.539389
-4.632361
-4.590269
-4.622655
-4.622655
-4.630555
-4.770952
-4.763529
-4.650885
-4.606768
-4.624055
-4.781509
-4.805581
-4.775671
-4.701226
-4.510767
-4.516878
-4.543996
-4.334586
-4.397676
-4.367569
-4.307550
-4.297282
-4.298499
-4.297561
-4.280747
-4.351013
-4.378212
-4.705669
-4.911662
-4.945997
-4.974525
-4.969201
-4.942434
-4.987640
-4.799432
-4.560164
-4.677096
-4.705235
-4.687279
-4.704132
-4.702347
-4.195096
-4.163673
-3.990457
-3.968951
-3.859493
-3.860616
-3.841495
-3.731841
-3.751225
-3.726750
-3.800882
-3.800882
-3.757751
-4.071873
-3.964381
-4.277660
-3.895893
-3.874334
-3.617236
-3.617236
-3.609945
-3.611948
-3.769186
-3.988594
-3.850609
-3.876927
-3.878380
-3.616274
-3.616274
-3.608353
-3.608353
-4.175854
-4.131689
-3.987948
-3.794625
-3.953744
-3.893212
-4.210328
-4.211378
-3.935179
-4.015272
-3.954280
-4.198343
-3.977199
-4.040245
-3.934128
-4.121139
-4.205120
-4.458279
-4.189949
-4.228481
-4.478708
-4.461292
-4.305620
-4.305430
-4.302581
-4.231100
-4.488124
-4.340970
-4.376837
-4.385660
-4.403129
-4.404304
-4.407417
-4.504045
-4.471469
-4.483965
-4.483965
-4.557096
-4.632885
-4.621302
-4.762518
-4.767915
-4.538385
-4.555486
-4.668029
-4.530898
-4.744871
-4.771835
-4.691348
-4.373041
-4.252659
-4.200097
-4.256401
-4.256401
-4.285889
-4.316345
-4.327135
-4.353011
-4.350513
-4.328922
-4.453302
-4.349902
-4.316218
-4.318776
-4.562670
-4.559505
-4.542558
-4.493307
-4.519939
-4.408241
-4.454598
-4.719724
-4.687204
-4.676119
-4.589757
-4.542285
-4.121361
-4.125613
-4.091372
-4.091372
-4.091372
-4.256697
-4.213091
-4.310966
-4.276796
-4.290326
-4.266370
-4.020807
-4.290912
-4.150818
-4.039488
-4.154766
-3.716915
-3.973578
-4.400760
-4.378184
-4.375669
-4.436418
-4.192609
-3.873897
-4.184752
-4.277838
-4.084557
-3.993532
-3.933316
-4.105975
-4.078304
-4.172913
-4.174601
-4.202369
-4.222309
-4.309264
-4.309264
-4.309264
-4.213046
-4.178238
-4.193173
-4.027267
-4.027267
-4.070334
-4.064707
-4.129595
-4.134129
-4.134129
-4.134129
-4.252822
-4.481728
-4.455252
-4.440036
-4.330135
-4.285754
-4.397990
-4.413450
-4.455110
-4.469279
-4.407109
-4.259844
-4.537695
-4.424065
-4.539174
-4.316186
-4.492988
-4.399637
-4.348105
-3.845509
-3.783691
-3.760867
-4.112216
-4.373266
-4.100559
-4.112895
-4.047068
-3.753498
-3.835809
-3.780994
-3.883311
-3.879863
-3.769569
-3.768173
-3.768173
-3.958168
-4.362192
-4.466878
-4.279901
-4.383112
-3.898600
-3.982193
-3.932020
-3.971818
-3.960571
-4.115344
-4.226555
-4.226555
-4.429147
-4.429147
-4.473746
-4.469373
-4.442370
-4.457421
-4.325740
-4.251834
-4.055478
-3.582479
-3.654309
-3.766192
-3.733411
-3.877202
-3.689096
-3.696752
-3.730269
-3.571434
-3.647749
-3.796529
-3.826230
-3.702385
-3.702385
-3.617367
-3.651209
-3.663364
-3.684044
-3.910476
-3.844824
-3.844537
-3.844537
-3.873163
-3.937934
-3.939891
-3.731798
-3.731830
-3.731830
-3.675726
-3.675726
-3.675726
-3.675726
-3.675726
-3.692595
-3.887317
-3.642915
-3.769334
-3.977125
-3.711349
-3.622213
-3.736179
-3.872381
-3.946610
-3.928129
-4.112831
-4.020547
-4.105945
-4.190469
-4.421038
-4.122761
-4.452072
-4.586668
-4.581752
-4.581752
-4.528675
-4.521021
-4.495219
-4.524517
-4.544664
-4.554288
-4.400891
-4.625263
-4.617572
-4.626633
-4.544586
-4.433993
-4.133069
-4.095348
-4.372784
-4.381558
-4.381710
-4.381710
-4.383679
-4.420901
-4.245792
-3.971309
-3.920688
-3.917529
-3.988847
-4.296888
-4.297219
-4.297219
-4.297219
-4.295394
-4.655710
-4.595696
-4.537811
-4.527727
-4.557345
-4.376586
-4.464438
-4.453402
-4.495743
-4.262860
-4.236016
-4.501305
-4.501305
-4.090724
-4.089518
-3.858517
-3.886542
-3.994229
-4.141177
-4.104124
-3.655167
-3.610096
-3.610096
-3.749798
-3.470463
-3.218527
-3.198140
-3.486326
-3.485674
-3.266740
-3.287564
-3.267425
-3.261044
-3.460115
-3.361414
-3.341597
-3.356276
-3.429258
-3.403179
-3.755451
-3.582845
-3.817158
-3.985261
-4.302146
-4.168271
-4.151442
-4.490938
-4.683474
-4.874942
-4.778464
-5.015916
-4.795530
-4.974501
-4.967081
-4.956145
-4.946663
-4.868131
-4.771019
-4.796655
-4.791207
-4.772970
-4.688030
-4.579105
-4.528292
-4.525027
-4.511060
-4.485406
-4.460461
-4.471182
-4.551788
-4.389744
-4.412538
-4.278129
-4.261201
-4.453857
-4.361852
-4.361659
-4.362711
-4.362574
-4.512871
-4.607287
-4.510037
-4.511196
-4.601978
-4.734519
-4.664041
-4.724874
-4.665021
-4.520761
-4.501867
-4.626978
-4.545207
-4.544450
-4.154363
-4.125895
-4.134606
-4.047110
-4.049314
-4.156897
-4.156897
-4.150376
-4.150376
-4.116981
-4.385705
-4.512262
-4.473109
-4.441375
-4.463112
-4.331013
-4.549372
-4.411048
-4.435710
-4.435654
-4.372770
-4.423917
-4.438805
-4.438805
-4.582543
-4.590857
-4.639275
-4.657356
-4.412061
-4.343121
-3.949363
-3.471325
-3.528904
-3.594650
-3.767593
-3.960634
-4.199186
-4.060282
-3.805005
-4.063499
-3.821095
-3.905054
-3.938919
-3.809488
-4.064657
-4.026006
-3.782869
-3.779027
-3.746421
-3.873818
-3.917087
-3.586540
-3.804837
-3.810904
-3.812078
-3.736429
-3.772454
-3.772021
-3.862250
-3.869368
-3.869368
-3.713802
-3.899062
-3.910876
-3.900856
-4.007394
-3.986829
-3.801566
-3.745879
-3.731695
-3.734516
-3.739817
-3.496714
-3.735273
-3.798354
-3.716038
-3.773673
-3.867947
-4.045956
-4.087950
-4.092336
-4.028748
-3.950630
-3.950630
-3.991852
-3.978254
-3.964083
-4.062160
-4.062160
-4.059257
-4.017204
-3.999418
-3.982102
-3.978047
-4.007168
-3.943890
-3.980898
-3.763955
-3.724503
-3.762724
-3.197457
-3.900069
-3.927384
-3.758053
-3.864190
-3.657900
-3.656578
-3.449610
-3.844404
-3.872339
-3.872259
-3.864054
-3.919321
-3.918830
-3.907673
-3.910793
-3.893748
-3.956474
-3.978880
-3.875855
-3.888104
-3.981011
-3.983025
-3.999944
-3.923924
-3.984304
-4.088172
-3.980252
-4.213613
-4.343801
-4.279141
-4.294627
-4.305578
-4.331810
-4.307180
-4.415549
-4.319802
-4.409061
-4.300724
-4.193882
-4.056996
-4.133983
-4.073775
-4.013474
-4.013474
-4.010260
-4.060117
-4.054489
-3.885403
-3.908517
-3.900739
-3.865129
-3.993109
-3.993109
-3.834280
-3.716627
-3.486895
-3.486895
-3.629201
-4.203091
-4.091448
-3.808021
-3.810230
-3.839959
-3.739946
-4.053679
-4.219751
-4.045698
-4.107658
-4.231900
-4.269520
-3.994395
-4.061885
-3.736140
-3.597959
-3.844610
-3.712015
-3.715454
-3.626617
-3.676282
-3.676282
-3.677238
-3.629718
-3.524584
-3.613834
-3.215833
-3.324285
-3.078481
-3.065095
-3.346568
-3.484678
-3.789847
-3.743618
-4.049234
-4.601227
-4.430757
-4.920555
-4.827119
-4.810652
-4.699385
-4.905396
-4.905530
-5.007212
-5.002934
-5.042606
-5.080966
-4.971829
-4.958598
-4.977166
-5.026851
-5.040468
-4.990148
-5.041376
-5.089845
-5.072298
-5.009241
-4.961871
-4.961871
-4.764263
-4.691794
-4.801060
-4.884946
-4.894269
-4.905760
-4.810652
-4.796107
-4.729476
-4.778603
-4.695775
-4.640786
-4.697858
-4.646933
-4.750080
-4.904488
-4.874993
-4.790192
-4.830678
-4.884531
-4.965498
-5.043040
-5.076636
-5.076140
-5.001702
-5.001702
-4.801212
-4.718924
-4.609041
-4.626289
-4.686874
-4.436480
-4.439345
-4.481323
-4.370475
-4.490104
-4.086270
-4.526398
-4.415557
-4.380137
-4.401303
-4.401303
-4.488547
-4.475939
-4.654472
-4.692923
-4.696862
-4.590856
-4.665845
-4.852984
-4.849848
-4.867954
-4.853174
-4.853174
-4.853174
-4.853174
-4.942654
-4.957692
-4.986374
-5.018473
-5.018473
-5.044350
-4.884258
-4.884258
-4.891212
-5.038676
-5.023506
-5.024998
-4.970187
-4.971810
-5.060237
-5.060237
-5.109951
-5.115245
-5.151665
-5.151665
-5.151665
-5.237986
-5.251663
-5.228627
-5.139200
-5.204249
-5.078002
-5.072353
-5.066625
-5.110231
-5.075977
-5.256674
-5.180418
-5.121229
-5.217100
-5.122803
-5.152140
-5.227652
-5.160554
-4.933659
-4.925140
-4.942881
-4.884280
-4.845719
-4.853585
-4.850746
-4.808145
-4.725403
-4.087326
-4.118615
-4.223559
-4.228254
-4.132263
-4.398865
-4.431655
-4.432506
-4.328547
-3.927137
-4.207818
-4.432707
-4.680675
-4.537824
-4.485828
-4.636747
-4.763533
-4.766460
-4.636928
-4.636928
-4.724850
-4.653998
-4.665823
-4.658449
-4.676467
-4.603046
-4.487797
-4.910813
-4.972036
-4.933275
-4.967257
-5.029187
-5.005393
-5.005611
-5.155592
-5.137449
-5.199677
-5.199677
-4.993342
-5.084132
-5.220571
-4.931669
-4.925188
-4.924591
-4.905031
-5.069768
-5.251367
-5.049717
-5.057629
-4.972818
-4.943124
-5.122399
-5.079340
-5.133762
-5.144029
-5.125880
-5.114475
-5.050788
-5.027783
-5.026386
-5.100847
-5.043162
-5.054052
-5.001584
-5.008857
-5.035077
-5.034669
-4.960922
-4.713982
-4.492917
-4.477887
-4.496234
-4.510288
-4.453205
-4.453205
-4.452817
-4.320504
-4.434254
-4.378675
-4.250409
-4.514165
-4.709574
-4.759010
-4.771397
-4.945001
-4.939878
-4.960217
-4.960217
-4.960217
-4.900993
-4.959330
-4.920083
-4.903086
-4.926391
-5.107760
-5.119758
-5.089052
-5.093876
-5.127668
-4.930531
-4.661064
-4.473995
-4.382598
-4.410190
-4.408042
-4.394436
-4.426747
-4.480531
-4.747011
-4.734905
-3.956886
-4.137824
-3.750110
-3.847712
-3.799802
-3.985857
-4.269833
-4.239448
-4.372835
-4.003353
-4.002059
-4.006255
-4.294052
-4.414022
-4.448460
-4.205678
-4.423135
-4.518713
-4.622159
-4.679556
-4.327617
-4.327617
-4.308873
-4.433200
-4.357711
-4.356197
-4.257075
-4.232719
-4.243176
-4.397600
-4.570852
-4.535816
-4.625248
-4.550067
-4.547246
-4.753801
-4.779857
-4.699883
-4.570782
-4.594662
-4.594662
-4.570596
-4.387510
-4.351050
-4.295681
-4.451305
-4.447942
-4.393233
-4.277582
-4.298952
-4.256472
-4.189843
-4.168939
-4.297936
-4.310664
-4.283408
-4.339909
-4.339909
-4.383318
-4.377858
-4.522758
-4.433418
-4.339715
-4.384129
-4.308420
-4.217081
-4.237561
-4.180886
-4.108704
-4.112284
-4.317819
-4.407507
-4.447060
-4.351937
-4.357530
-4.414789
-3.779518
-4.025030
-4.049632
-4.049938
-4.119766
-4.123155
-3.973179
-4.053015
-4.897432
-4.773668
-4.824627
-4.807293
-4.807293
-4.829125
-4.818510
-4.824729
-4.824546
-4.799257
-4.806456
-4.622744
-4.586326
-4.720008
-4.858251
-4.852075
-4.849983
-4.718747
-4.789608
-4.895523
-4.883499
-4.921916
-5.009003
-4.788064
-4.817025
-4.824126
-4.826102
-4.759553
-4.664400
-4.680278
-4.684211
-4.435619
-4.338791
-4.341565
-4.361835
-4.452930
-4.354521
-4.484617
-4.594865
-4.508250
-4.238629
-4.533166
-4.530719
-4.508866
-4.514922
-4.042418
-3.996271
-3.912509
-3.895441
-3.697001
-4.050039
-4.152473
-4.091140
-4.223871
-4.245968
-4.256845
-4.273967
-4.328825
-4.358369
-4.309517
-4.279474
-4.306600
-4.319696
-4.319696
-4.300100
-3.838349
-3.683268
-3.586158
-3.579226
-4.120274
-4.589760
-4.634206
-4.676723
-4.788699
-4.798497
-4.645240
-4.522886
-4.564930
-4.563440
-4.554636
-4.504127
-4.529410
-4.519949
-4.490105
-4.268256
-4.640368
-4.647835
-4.715898
-4.563023
-4.665555
-4.683971
-4.718896
-4.718698
-4.535302
-4.661531
-4.516994
-4.504727
-4.571736
-4.548536
-4.495901
-4.385054
-4.150575
-4.136302
-4.163026
-4.163026
-4.511564
-4.682007
-4.383437
-4.302021
-4.205482
-4.259225
-4.272519
-4.369831
-4.162374
-3.977246
-4.175450
-3.769844
-3.857890
-3.626353
-3.731289
-3.753335
-3.797096
-3.775060
-3.712581
-4.368990
-4.126756
-4.125475
-4.022804
-4.018986
-4.138619
-4.483724
-4.364152
-4.297819
-4.294904
-4.377078
-4.127197
-4.658315
-4.596342
-4.596342
-4.153806
-4.313222
-4.313222
-4.237726
-4.758284
-4.802895
-4.869069
-4.340912
-4.318623
-4.933338
-4.929775
-4.988159
-4.990127
-4.992607
-4.870712
-4.719499
-4.808967
-4.801706
-4.801706
-4.698381
-4.661408
-4.718862
-4.766142
-4.766142
-4.590145
-4.572014
-4.778152
-4.722098
-4.802508
-4.799542
-4.978867
-4.941725
-4.942134
-4.897369
-4.857465
-4.879326
-4.879012
-4.877951
-4.877951
-4.913519
-4.913519
-4.913519
-4.897331
-4.818069
-4.820193
-4.679848
-4.614154
-4.612414
-4.701945
-4.706444
-4.397379
-4.536096
-4.490592
-4.368877
-4.024472
-3.953982
-4.019397
-4.027342
-4.191545
-4.502106
-4.458759
-4.456480
-4.456480
-4.443677
-4.415074
-4.416811
-4.416811
-4.351033
-4.222957
-4.226814
-4.224155
-4.117332
-4.418766
-4.642967
-4.883445
-4.857905
-4.764911
-4.500985
-4.501788
-4.175829
-4.292601
-4.409944
-4.409924
-4.381020
-4.674432
-4.439596
-4.311839
-4.139327
-4.418947
-4.337697
-4.383846
-4.406000
-4.271849
-4.345644
-4.324142
-4.016644
-3.807498
-3.955511
-4.011482
-4.177693
-4.211429
-4.268107
-4.260316
-4.384563
-4.463084
-4.455024
-4.631272
-4.691888
-4.666358
-4.658170
-4.618536
-4.580857
-4.580826
-4.583427
-4.580700
-4.420583
-4.404383
-4.510915
-4.602932
-4.599114
-4.700303
-4.613542
-4.783087
-4.757064
-4.794828
-4.794828
-4.814137
-4.918872
-4.918872
-5.143839
-5.143853
-5.187746
-5.107547
-4.811880
-4.857726
-4.951239
-4.937064
-4.929763
-4.915962
-5.004612
-5.021796
-5.286489
-5.297797
-5.292664
-5.190595
-5.225014
-4.908035
-4.947148
-4.879333
-4.815467
-4.810500
-4.685345
-4.622043
-4.624478
-4.622414
-4.611102
-4.534762
-4.533765
-4.589142
-4.613596
-4.636385
-4.661658
-4.584544
-4.563054
-4.593413
-4.675923
-4.635425
-4.650215
-4.588450
-4.660157
-4.632075
-4.696457
-4.419169
-4.349486
-4.454693
-4.377878
-4.401974
-4.269743
-4.345385
-4.197956
-4.208399
-4.209100
-4.593247
-4.703617
-4.722606
-4.482751
-4.005279
-3.972980
-4.063805
-3.976196
-4.374806
-4.368061
-4.456208
-4.445136
-4.422097
-4.572556
-4.479718
-4.496098
-4.638531
-4.673150
-4.666825
-4.710652
-4.576309
-4.472293
-4.472506
-4.496142
-4.494738
-4.501556
-4.159771
-4.145461
-4.267674
-4.331054
-4.277523
-4.662365
-4.870888
-4.921625
-4.926932
-4.976228
-4.871401
-4.999295
-5.069784
-5.096281
-5.068640
-5.154023
-5.212941
-5.130118
-4.866041
-4.842873
-4.842873
-4.785726
-4.793046
-4.792990
-4.810140
-4.919878
-4.983912
-5.204582
-5.009007
-5.032291
-5.261827
-5.151639
-5.126408
-5.191119
-5.120526
-5.120526
-5.111116
-5.025309
-5.013303
-5.077745
-5.113126
-5.155659
-5.091009
-5.131690
-5.034664
-5.072987
-5.004752
-5.086145
-4.968824
-4.615892
-4.774320
-4.876004
-4.811262
-4.855365
-4.806120
-4.970095
-4.941050
-4.890773
-4.818922
-4.818046
-4.818626
-4.837649
-4.837649
-4.595931
-4.661033
-4.640233
-4.640233
-4.631411
-4.569583
-4.639970
-4.543420
-4.462962
-4.627966
-4.509391
-4.524604
-4.547338
-4.504990
-4.385141
-4.073492
-4.091657
-4.009975
-4.235556
-4.163247
-4.027577
-4.084983
-3.931474
-3.923166
-3.887652
-3.955416
-4.041482
-4.026582
-3.725175
-3.784165
-4.195014
-4.333503
-4.385966
-4.418930
-4.178265
-4.025388
-3.929541
-4.051366
-3.793413
-3.756710
-3.561088
-3.561088
-3.543880
-3.542367
-3.802378
-3.819024
-3.468404
-3.475056
-3.249382
-3.249382
-3.249382
-3.249382
-3.445031
-3.467560
-3.484659
-3.449658
-3.538034
-3.532725
-3.535718
-3.651023
-3.823972
-3.417777
-3.779114
-4.230080
-3.810157
-3.721547
-3.721547
-3.726746
-3.726746
-3.727060
-3.751295
-3.905656
-3.966804
-4.203709
-3.800439
-3.865868
-3.988279
-4.071880
-4.153953
-4.340866
-4.263766
-4.170721
-4.140172
-4.195711
-4.179508
-4.180900
-4.257502
-4.379074
-4.279528
-3.539491
-3.564339
-3.260635
-3.422559
-3.874346
-3.870624
-3.870624
-3.538910
-3.545264
-3.781939
-3.452321
-3.109370
-3.414231
-3.659832
-3.351280
-3.351280
-3.341849
-3.496498
-3.536588
-3.536588
-3.519970
-3.519970
-3.519970
-3.565353
-3.357890
-3.332931
-3.339405
-3.376785
-3.222184
-3.297665
-3.326708
-3.598425
-3.686879
-3.889207
-4.017450
-3.850429
-3.639781
-3.593832
-3.411495
-3.477334
-3.411929
-3.406744
-3.309560
-3.469128
-3.565321
-3.603581
-3.214433
-3.214433
-3.284718
-3.266817
-4.105225
-4.029961
-3.799197
-4.089082
-3.924869
-3.879222
-3.797817
-3.920865
-3.998891
-3.998592
-3.877817
-3.639588
-4.153902
-3.946835
-4.049158
-3.610563
-3.482047
-3.473414
-3.722653
-3.737800
-3.682962
-3.788973
-3.778834
-3.819617
-3.691867
-3.909112
-3.687115
-3.629965
-3.805423
-3.638649
-3.625290
-3.586236
-3.681466
-3.605388
-3.458954
-3.522858
-3.753838
-3.564401
-3.731738
-3.726302
-3.510132
-3.510132
-3.658685
-3.740072
-3.989504
-3.908522
-3.878322
-3.908709
-3.961786
-4.174290
-4.425831
-4.411813
-4.343880
-4.209823
-4.168940
-4.165968
-4.006434
-4.394038
-4.514355
-4.514355
-4.552717
-4.534268
-4.530138
-4.530138
-4.530138
-4.509352
-4.441708
-4.441708
-4.439354
-4.439354
-4.375665
-4.462682
-4.462682
-4.294056
-4.175789
-4.175789
-4.174634
-4.174634
-4.174634
-4.174634
-4.533761
-4.505115
-4.600798
-4.580317
-4.475257
-4.537337
-4.549333
-4.527586
-4.432285
-4.521703
-4.445074
-4.138342
-4.088308
-4.430339
-4.248000
-4.248000
-4.472178
-4.670511
-4.599098
-4.346469
-4.279875
-4.056664
-4.024279
-4.024279
-3.737615
-3.737615
-4.108718
-4.182491
-4.191357
-4.084700
-3.922780
-3.969753
-4.693654
-4.685314
-4.690174
-4.617812
-4.484636
-4.701033
-4.875357
-4.837790
-4.785658
-4.752014
-4.732944
-4.493797
-4.366279
-4.440840
-4.374701
-4.368640
-4.368640
-4.288998
-4.317116
-4.331750
-4.277414
-4.276913
-3.860677
-3.726017
-3.913756
-4.019059
-4.070441
-4.070441
-4.039080
-4.213220
-4.216227
-4.048309
-4.240810
-4.708399
-4.687707
-4.557757
-4.601181
-4.574838
-4.533882
-4.660572
-4.499380
-4.386185
-4.409828
-4.313802
-4.243362
-4.190317
-4.273736
-4.358125
-4.601123
-4.704393
-4.658967
-4.651604
-4.648171
-4.816253
-4.693849
-4.453221
-4.454402
-4.381797
-4.175392
-4.180693
-4.076473
-4.001264
-3.887122
-3.884363
-3.882481
-3.881888
-3.881888
-4.055912
-4.142155
-4.284209
-4.240986
-4.324959
-4.459164
-4.338545
-4.234852
-4.469536
-4.376210
-4.411136
-4.267054
-4.249876
-4.260630
-4.260630
-4.234829
-4.235713
-4.428424
-4.795311
-4.733881
-4.735635
-4.754317
-4.752211
-4.771280
-4.712254
-4.719903
-4.746992
-4.799637
-4.609636
-4.752926
-4.749684
-4.836530
-4.897155
-4.788024
-4.793834
-4.767013
-4.782035
-4.706621
-4.696105
-4.755761
-4.697504
-4.693567
-4.675599
-4.739435
-4.651047
-4.223228
-4.423915
-4.411900
-4.562948
-4.524842
-4.718788
-4.467651
-4.570760
-4.826879
-4.846242
-4.805438
-4.813116
-4.819225
-4.819081
-4.868074
-4.484626
-3.908270
-3.918925
-3.934275
-3.759615
-3.764302
-3.702829
-3.980909
-3.785416
-3.424181
-3.393539
-3.373693
-3.222728
-3.732260
-3.607944
-3.798817
-3.889946
-3.889946
-4.449095
-4.346606
-4.454630
-4.392527
-4.365864
-4.365864
-4.364417
-4.372707
-4.485784
-4.544112
-4.395327
-4.378950
-4.355512
-4.336016
-4.506540
-3.861133
-4.128688
-4.128688
-3.495765
-3.655617
-3.887277
-3.816385
-3.807298
-3.849857
-3.567362
-3.896964
-3.792330
-3.673060
-3.720256
-3.916916
-3.664168
-3.446047
-3.781858
-4.007818
-3.899560
-3.914442
-3.477712
-3.460876
-3.563744
-3.468123
-3.481522
-3.480867
-3.743414
-3.902921
-4.081085
-4.205832
-3.934521
-3.933352
-3.933352
-3.887355
-3.848378
-3.866544
-3.852913
-3.904705
-3.858418
-4.237619
-4.432329
-4.281297
-4.301199
-3.848403
-3.863957
-4.008395
-4.217483
-4.211394
-4.058752
-4.215171
-4.234550
-4.072005
-4.488990
-4.577957
-4.538605
-4.475167
-4.398004
-4.336638
-4.256545
-4.327437
-4.225655
-4.245232
-4.166006
-4.316671
-4.448242
-4.037186
-4.566611
-4.857015
-4.719579
-4.715960
-4.911727
-4.991772
-4.915958
-5.014685
-5.064454
-4.898673
-5.064023
-5.033479
-4.767458
-4.422262
-4.263507
-4.197457
-4.298579
-4.554951
-4.450376
-4.607947
-4.494337
-4.488256
-4.495968
-4.506408
-4.440739
-4.619330
-4.297097
-4.439522
-4.484204
-4.631021
-4.670894
-4.706964
-4.697342
-4.771052
-4.913664
-4.962608
-4.843093
-4.861389
-4.929462
-5.023264
-5.083224
-5.018882
-4.898689
-5.058550
-5.058550
-5.046553
-5.034965
-5.035709
-5.082916
-5.113574
-4.866711
-4.893108
-4.986853
-3.829918
-3.889072
-4.459723
-4.681176
-4.758699
-4.837725
-4.860346
-4.743906
-4.553846
-4.631369
-4.539747
-4.745408
-4.434332
-4.449036
-4.430616
-4.422589
-4.202637
-4.142785
-4.867125
-4.861749
-4.831148
-4.868983
-4.614669
-4.512996
-4.581918
-4.631083
-4.549634
-5.034594
-5.126384
-5.188750
-5.131625
-5.087337
-5.087951
-4.987456
-4.987456
-4.929948
-4.929948
-4.903281
-4.876778
-4.770196
-4.810577
-4.715634
-4.946809
-5.051535
-5.051535
-5.058419
-5.082359
-5.089914
-5.106202
-5.106202
-5.037927
-5.046415
-5.028717
-5.033203
-5.064140
-4.883246
-4.589533
-4.432906
-4.389362
-4.498180
-4.519518
-4.511553
-4.511553
-4.666715
-4.666715
-4.709978
-4.692975
-4.777937
-4.420319
-4.404877
-4.403544
-4.371568
-4.371568
-4.362734
-4.490658
-4.496560
-4.588522
-4.748945
-4.653968
-4.496297
-3.750065
-4.391736
-4.269890
-4.262263
-4.298080
-4.607021
-4.306825
-4.303220
-4.613132
-4.456861
-4.421198
-4.523654
-4.326415
-4.250284
-4.243001
-3.885279
-4.111048
-4.111048
-4.111048
-3.963098
-3.863716
-3.866388
-3.862340
-4.193719
-4.376761
-4.436964
-4.093606
-4.237756
-4.274247
-4.274247
-4.977693
-4.570872
-4.785464
-4.766432
-4.739898
-4.739898
-4.777356
-4.544247
-4.788146
-4.743920
-4.684772
-4.677849
-4.676585
-4.750099
-4.749391
-4.672646
-4.672646
-4.643860
-4.622999
-4.536899
-4.668712
-4.668712
-4.671214
-4.714473
-4.551978
-4.553858
-4.550962
-4.550648
-4.295676
-4.323480
-4.328805
-4.309115
-4.313368
-4.462654
-4.380927
-4.380927
-4.405051
-4.388692
-4.440243
-4.227763
-4.236062
-4.159990
-4.393957
-4.310941
-4.266981
-4.167424
-4.300033
-4.285602
-4.296759
-4.269310
-4.549931
-4.529440
-4.561337
-4.418670
-4.425730
-4.419916
-4.097025
-3.801230
-3.815352
-3.819151
-3.848336
-3.916717
-4.087504
-4.083697
-4.060978
-4.100368
-3.966169
-3.966169
-3.860115
-3.818309
-3.836328
-4.286521
-4.041414
-3.882745
-4.043430
-3.937577
-3.937577
-3.947922
-4.018184
-3.986651
-3.622541
-3.715132
-3.713743
-3.591306
-4.116782
-4.118571
-4.325094
-4.498407
-4.498407
-4.458272
-4.404371
-4.581622
-4.372848
-4.534058
-4.467445
-4.253339
-4.250289
-4.513182
-4.663446
-4.703185
-4.415349
-4.430131
-4.689083
-4.880725
-4.904361
-4.904361
-4.882087
-5.072166
-5.113520
-5.143620
-5.046726
-4.695681
-4.656153
-4.776237
-4.776237
-4.326640
-4.479917
-4.308946
-4.368579
-3.539241
-4.276076
-4.268650
-4.171395
-4.114013
-4.173341
-3.972945
-3.933533
-3.933359
-3.985488
-3.990353
-3.994194
-3.753074
-3.496336
-3.602278
-3.579647
-3.660135
-3.659830
-3.659830
-3.949532
-3.944452
-3.979554
-3.774731
-3.752597
-3.777170
-3.777170
-3.777170
-3.861608
-3.861608
-3.993963
-4.113278
-4.154540
-4.314279
-4.275825
-4.244336
-4.268791
-4.773605
-4.882814
-4.899545
-4.833970
-4.950019
-4.939652
-4.934623
-4.928851
-4.928851
-4.872418
-4.872653
-4.898432
-4.920264
-4.920264
-4.920264
-4.916818
-4.623731
-4.773045
-4.739952
-4.798640
-4.693038
-4.727662
-4.719569
-4.954327
-4.746451
-4.642760
-4.615951
-4.725076
-4.610815
-4.676388
-4.814380
-4.801736
-4.857377
-4.955363
-4.963604
-4.969066
-5.075000
-5.005672
-5.022521
-5.016910
-5.054293
-5.082079
-5.082079
-4.944257
-4.978725
-5.056072
-4.849050
-4.850684
-4.752038
-4.846686
-4.846686
-4.902715
-4.820565
-4.839372
-4.776313
-4.720593
-4.828446
-4.743332
-4.787784
-4.795235
-4.684307
-4.695417
-4.589614
-4.587910
-4.573460
-4.527432
-4.495068
-4.595711
-4.592524
-4.586383
-4.595344
-4.586724
-4.625200
-4.571864
-4.584537
-4.485407
-4.474911
-4.499734
-4.225110
-4.268286
-4.497124
-4.547849
-4.439860
-4.439860
-4.578143
-4.519080
-4.497937
-4.494102
-4.561780
-4.561780
-4.438383
-4.412649
-4.540994
-4.540037
-4.540037
-4.541065
-4.452207
-4.280393
-4.419295
-4.303901
-4.197715
-3.907056
-3.804094
-3.673218
-3.952899
-3.994155
-3.996809
-3.906381
-3.894313
-4.477757
-4.019767
-4.018688
-4.001187
-4.068311
-4.075172
-4.042309
-4.042309
-4.066525
-4.141472
-4.144045
-4.100419
-4.251119
-4.251159
-4.222692
-4.088039
-4.046852
-3.897459
-3.831294
-3.419674
-3.419674
-3.193132
-3.146655
-3.363218
-3.360072
-3.968403
-4.079039
-4.260832
-3.457280
-3.455371
-3.703517
-3.623659
-3.652427
-3.655318
-3.801574
-3.801574
-3.790558
-3.841895
-3.722366
-3.715432
-3.769387
-3.992977
-3.991642
-3.991219
-4.032169
-4.034966
-3.971960
-4.182511
-4.182511
-4.151405
-4.151405
-4.160772
-4.160772
-4.271651
-4.196335
-4.052025
-4.051123
-4.094025
-4.145362
-4.231269
-4.231269
-4.231269
-4.552081
-4.573931
-4.456404
-4.451823
-4.451823
-4.085373
-4.132256
-4.132256
-4.148213
-4.493825
-4.493825
-4.277975
-4.270757
-4.226165
-4.252420
-4.444117
-4.439304
-4.650142
-4.651076
-4.651076
-4.651076
-4.651076
-4.801957
-4.317672
-4.317672
-4.380217
-4.380217
-4.417451
-4.459464
-4.355012
-4.299445
-4.685373
-4.503818
-4.503818
-4.455946
-4.440593
-4.476216
-4.013345
-4.545947
-4.544025
-4.576790
-4.460024
-4.459361
-4.563716
-4.291018
-4.511212
-4.567010
-4.741599
-4.589552
-4.554049
-4.554049
-4.509276
-4.501859
-4.503854
-4.520075
-4.445106
-4.410162
-4.365615
-4.331351
-4.164912
-4.104214
