-13.719219 -13.881979 -14.040842 -14.190569 -14.333364 -14.473580 -14.614056 -14.755701 -14.898444 -15.041971 -15.186007 -15.330361 -15.474910 -15.619579 -15.764321
-13.764262 -13.913121 -14.055038 -14.194817 -14.335226 -14.476960 -14.619811 -14.763421 -14.907513 -15.051901 -15.196472 -15.341154 -15.485904 -15.630696 -15.775513
-13.534977 -13.707246 -13.872641 -14.024581 -14.166434 -14.305023 -14.444506 -14.585727 -14.728302 -14.871755 -15.015753 -15.160085 -15.304621 -15.449282 -15.594020
-13.478691 -13.647038 -13.809091 -13.959307 -14.101147 -14.240372 -14.380345 -14.521830 -14.664546 -14.808079 -14.952125 -15.096486 -15.241040 -15.385712 -15.530455
-13.592715 -13.758121 -13.917889 -14.067285 -14.209382 -14.349149 -14.489475 -14.631106 -14.773865 -14.917409 -15.061455 -15.205815 -15.350368 -15.495039 -15.639782
-13.443831 -13.597450 -13.741616 -13.881545 -14.021310 -14.162383 -14.304763 -14.448073 -14.591979 -14.736253 -14.880754 -15.025393 -15.170117 -15.314893 -15.459701
-13.915919 -14.066948 -14.222370 -14.374605 -14.521625 -14.664846 -14.806543 -14.948223 -15.090476 -15.233389 -15.376879 -15.520821 -15.665087 -15.809572 -15.954200
-13.976914 -13.966071 -14.018369 -14.125552 -14.271167 -14.434060 -14.596309 -14.749397 -14.893838 -15.034221 -15.174277 -15.315452 -15.457838 -15.601127 -15.745013
-13.546574 -13.705063 -13.853557 -13.995377 -14.135210 -14.275695 -14.417480 -14.560359 -14.703985 -14.848085 -14.992478 -15.137052 -15.281736 -15.426487 -15.571279
-14.232947 -14.275864 -14.372905 -14.510986 -14.671178 -14.834599 -14.990044 -15.136156 -15.277084 -15.417008 -15.557887 -15.700031 -15.843161 -15.986948 -16.131148
-13.650018 -13.817156 -13.984382 -14.140490 -14.285452 -14.425085 -14.564374 -14.705097 -14.847253 -14.990423 -15.134241 -15.278462 -15.422930 -15.567550 -15.712262
-13.529460 -13.669463 -13.809836 -13.951455 -14.094200 -14.237736 -14.381778 -14.526136 -14.670687 -14.815358 -14.960101 -15.104888 -15.249703 -15.394534 -15.539375
-13.446305 -13.589850 -13.733902 -13.878267 -14.022824 -14.167497 -14.312242 -14.457031 -14.601846 -14.746677 -14.891519 -15.036367 -15.181218 -15.326072 -15.470927
-13.795814 -13.939246 -14.094793 -14.250338 -14.400502 -14.545362 -14.687408 -14.828832 -14.970686 -15.113228 -15.256415 -15.400127 -15.544231 -15.688608 -15.833166
-13.889958 -14.030767 -14.173048 -14.316315 -14.460198 -14.604459 -14.748951 -14.893586 -15.038307 -15.183081 -15.327888 -15.472714 -15.617552 -15.762398 -15.907248
-13.484163 -13.627807 -13.771915 -13.916313 -14.060889 -14.205575 -14.350327 -14.495120 -14.639938 -14.784771 -14.929614 -15.074462 -15.219314 -15.364168 -15.509023
-13.963624 -14.026218 -14.137467 -14.281384 -14.440118 -14.599161 -14.751218 -14.896203 -15.037519 -15.178187 -15.319594 -15.461999 -15.605236 -15.749061 -15.893275
-13.600089 -13.768427 -13.929773 -14.079333 -14.220872 -14.360092 -14.500157 -14.641724 -14.784493 -14.928059 -15.072124 -15.216497 -15.361058 -15.505734 -15.650480
-13.684159 -13.835774 -13.979768 -14.120324 -14.260674 -14.402078 -14.544616 -14.688002 -14.831948 -14.976246 -15.120761 -15.265409 -15.410138 -15.554917 -15.699726
-13.729217 -13.869034 -14.010171 -14.152576 -14.295888 -14.439790 -14.584060 -14.728558 -14.873196 -15.017919 -15.162694 -15.307502 -15.452328 -15.597167 -15.742012
-13.403631 -13.543239 -13.683403 -13.824950 -13.967680 -14.111216 -14.255261 -14.399621 -14.544174 -14.688846 -14.833590 -14.978378 -15.123193 -15.268024 -15.412865
-13.728506 -13.860164 -14.017534 -14.180779 -14.337740 -14.485502 -14.627327 -14.767454 -14.908181 -15.050074 -15.192978 -15.336600 -15.480690 -15.625076 -15.769644
-12.938362 -13.106772 -13.264661 -13.410885 -13.550865 -13.689987 -13.830481 -13.972480 -14.115556 -14.259319 -14.403507 -14.547954 -14.692561 -14.837266 -14.982030
-13.772619 -13.913331 -14.054538 -14.196734 -14.339819 -14.483547 -14.627701 -14.772125 -14.916717 -15.061412 -15.206169 -15.350966 -15.495786 -15.640620 -15.785464
-13.937879 -14.092691 -14.241658 -14.385611 -14.527225 -14.668549 -14.810469 -14.953164 -15.096540 -15.240428 -15.384669 -15.529143 -15.673764 -15.818476 -15.963245
-13.651387 -13.810957 -13.977823 -14.137305 -14.285812 -14.427188 -14.566686 -14.707023 -14.848735 -14.991566 -15.135159 -15.279238 -15.423617 -15.568183 -15.712861
-13.618457 -13.761294 -13.904911 -14.049010 -14.193404 -14.337978 -14.482662 -14.627413 -14.772206 -14.917024 -15.061857 -15.206699 -15.351547 -15.496399 -15.641253
-13.861561 -14.004498 -14.145542 -14.286706 -14.428710 -14.571586 -14.715145 -14.859179 -15.003523 -15.148064 -15.292727 -15.437465 -15.582250 -15.727063 -15.871893
-13.726356 -13.867498 -14.009619 -14.152664 -14.296381 -14.440536 -14.584963 -14.729557 -14.874253 -15.019012 -15.163810 -15.308630 -15.453465 -15.598308 -15.743157
-13.329573 -13.433750 -13.588053 -13.759837 -13.925557 -14.078026 -14.220237 -14.358919 -14.498362 -14.639522 -14.782051 -14.925475 -15.069454 -15.213775 -15.358304
-13.545471 -13.702918 -13.851134 -13.993136 -14.133222 -14.273869 -14.415734 -14.558652 -14.702299 -14.846411 -14.990812 -15.135390 -15.280077 -15.424829 -15.569623
-13.766761 -13.909159 -14.050484 -14.192115 -14.334502 -14.477636 -14.621355 -14.765486 -14.909889 -15.054466 -15.199151 -15.343903 -15.488696 -15.633513 -15.778347
-13.770018 -13.926094 -14.077536 -14.223315 -14.365614 -14.506885 -14.648510 -14.790923 -14.934095 -15.077848 -15.222006 -15.366428 -15.511017 -15.655710 -15.800466
-13.643288 -13.798118 -13.941466 -14.080216 -14.219365 -14.360229 -14.502547 -14.645835 -14.789731 -14.934000 -15.078498 -15.223136 -15.367859 -15.512634 -15.657441
-13.754762 -13.918544 -14.075232 -14.222458 -14.363928 -14.503908 -14.644640 -14.786606 -14.929588 -15.073269 -15.217399 -15.361810 -15.506394 -15.651084 -15.795839
-13.703035 -13.847231 -13.988102 -14.128661 -14.270101 -14.412565 -14.555845 -14.699697 -14.843927 -14.988396 -15.133015 -15.277726 -15.422494 -15.567296 -15.712120
-13.522625 -13.692423 -13.851966 -13.999005 -14.139006 -14.277919 -14.418201 -14.560036 -14.703000 -14.846690 -14.990833 -15.135254 -15.279844 -15.424538 -15.569296
-13.756638 -13.897669 -14.036613 -14.176615 -14.318189 -14.460973 -14.604550 -14.748623 -14.893000 -15.037564 -15.182242 -15.326990 -15.471781 -15.616597 -15.761429
-13.683970 -13.838959 -13.984895 -14.125857 -14.265876 -14.406818 -14.548988 -14.692127 -14.835915 -14.980116 -15.124571 -15.269182 -15.413889 -15.558654 -15.703455
-13.790435 -13.932997 -14.079303 -14.225870 -14.371330 -14.515666 -14.659205 -14.802239 -14.945118 -15.088192 -15.231648 -15.375511 -15.519713 -15.664157 -15.808759
-13.920878 -14.063335 -14.206592 -14.350426 -14.494644 -14.639107 -14.783723 -14.928432 -15.073198 -15.218000 -15.362824 -15.507660 -15.652505 -15.797354 -15.942207
-13.784109 -13.950960 -14.110764 -14.259562 -14.401071 -14.540561 -14.680851 -14.822533 -14.965351 -15.108939 -15.253015 -15.397394 -15.541958 -15.686637 -15.831385
-13.489005 -13.649870 -13.800783 -13.943804 -14.083778 -14.223972 -14.365427 -14.508057 -14.651518 -14.795515 -14.939845 -15.084379 -15.229039 -15.373776 -15.518560
-13.875882 -14.041746 -14.198569 -14.344902 -14.485457 -14.625006 -14.765669 -14.907702 -15.050773 -15.194526 -15.338705 -15.483148 -15.627752 -15.772454 -15.917217
-13.654438 -13.823249 -13.981460 -14.127666 -14.267497 -14.406569 -14.547032 -14.688985 -14.832016 -14.975745 -15.119910 -15.264344 -15.408943 -15.553642 -15.698402
-13.725143 -13.885849 -14.047796 -14.201855 -14.347418 -14.488454 -14.628683 -14.769768 -14.911982 -15.055114 -15.198883 -15.343065 -15.487507 -15.632109 -15.776811
-13.884564 -14.029743 -14.171297 -14.312101 -14.453565 -14.595998 -14.739252 -14.883091 -15.027314 -15.171780 -15.316397 -15.461108 -15.605875 -15.750677 -15.895501
-13.421912 -13.561660 -13.700461 -13.840728 -13.982573 -14.125546 -14.269244 -14.413391 -14.557814 -14.702406 -14.847101 -14.991860 -15.136656 -15.281477 -15.426311
-13.791546 -13.946283 -14.091765 -14.232422 -14.372355 -14.513312 -14.655510 -14.798667 -14.942465 -15.086671 -15.231130 -15.375743 -15.520451 -15.665217 -15.810019
-13.582815 -13.735938 -13.881325 -14.022576 -14.163044 -14.304285 -14.446590 -14.589774 -14.733572 -14.877771 -15.022222 -15.166831 -15.311536 -15.456300 -15.601101
-13.683313 -13.822848 -13.962410 -14.103419 -14.245786 -14.389095 -14.533002 -14.677277 -14.821779 -14.966419 -15.111143 -15.255919 -15.400727 -15.545554 -15.690392
-13.599684 -13.742309 -13.885754 -14.029736 -14.174056 -14.318584 -14.463240 -14.607974 -14.752756 -14.897567 -15.042397 -15.187237 -15.332083 -15.476934 -15.621787
-13.798501 -13.912031 -14.052362 -14.205850 -14.361132 -14.511942 -14.657457 -14.799792 -14.941203 -15.082951 -15.225438 -15.368637 -15.512390 -15.656535 -15.800942
-13.592442 -13.735689 -13.876130 -14.016640 -14.158199 -14.300813 -14.444224 -14.588173 -14.732467 -14.876978 -15.021624 -15.166351 -15.311129 -15.455938 -15.600766
-13.689010 -13.829459 -13.970852 -14.113326 -14.256644 -14.400536 -14.544797 -14.689288 -14.833921 -14.978641 -15.123414 -15.268220 -15.413046 -15.557884 -15.702730
-13.502004 -13.643365 -13.785994 -13.929473 -14.073485 -14.217826 -14.362367 -14.507031 -14.651770 -14.796556 -14.941369 -15.086199 -15.231040 -15.375887 -15.520738
-13.567376 -13.730232 -13.882990 -14.026829 -14.166856 -14.306828 -14.448016 -14.590416 -14.733710 -14.877595 -15.021853 -15.166343 -15.310976 -15.455696 -15.600469
-13.805375 -13.885587 -14.023630 -14.188744 -14.356026 -14.513457 -14.659611 -14.799779 -14.939119 -15.079698 -15.221685 -15.364723 -15.508451 -15.652615 -15.797047
-13.688520 -13.831910 -13.971904 -14.111990 -14.253327 -14.395865 -14.539264 -14.683221 -14.827526 -14.972045 -15.116695 -15.261426 -15.406206 -15.551016 -15.695845
-13.935200 -14.077882 -14.218131 -14.358679 -14.500377 -14.643147 -14.786687 -14.930729 -15.075085 -15.219636 -15.364306 -15.509048 -15.653835 -15.798650 -15.943481
-14.051789 -14.195225 -14.335055 -14.474996 -14.616255 -14.758756 -14.902136 -15.046083 -15.190381 -15.334897 -15.479545 -15.624275 -15.769054 -15.913864 -16.058692
-13.892800 -14.006316 -14.153016 -14.314475 -14.474970 -14.626982 -14.771182 -14.911762 -15.052060 -15.193405 -15.335897 -15.479254 -15.623183 -15.767470 -15.911978
-13.657411 -13.805391 -13.946985 -14.086801 -14.227354 -14.369220 -14.512164 -14.655836 -14.799965 -14.944377 -15.088962 -15.233652 -15.378408 -15.523203 -15.668022
-13.855109 -14.021866 -14.186781 -14.340593 -14.484504 -14.624127 -14.763740 -14.904769 -15.047138 -15.190444 -15.334347 -15.478620 -15.623120 -15.767759 -15.912483
-13.525673 -13.687020 -13.837320 -13.979559 -14.119087 -14.259172 -14.400672 -14.543378 -14.686902 -14.830940 -14.975296 -15.119847 -15.264517 -15.409260 -15.554047
-13.501409 -13.664071 -13.831369 -13.989595 -14.136622 -14.277202 -14.416547 -14.557019 -14.698922 -14.841909 -14.985609 -15.129757 -15.274180 -15.418771 -15.563466
-13.950087 -14.092373 -14.235321 -14.378876 -14.522893 -14.667227 -14.811762 -14.956421 -15.101158 -15.245941 -15.390754 -15.535583 -15.680423 -15.825270 -15.970121
-13.526503 -13.593302 -13.727516 -13.896255 -14.067319 -14.226518 -14.372828 -14.512220 -14.650905 -14.791213 -14.933135 -15.076173 -15.219914 -15.364088 -15.508528
-13.686537 -13.826228 -13.967278 -14.109633 -14.252917 -14.396803 -14.541065 -14.685558 -14.830193 -14.974914 -15.119689 -15.264495 -15.409321 -15.554159 -15.699005
-13.240065 -13.394637 -13.538015 -13.676875 -13.816094 -13.956994 -14.099330 -14.242627 -14.386528 -14.530800 -14.675299 -14.819938 -14.964662 -15.109437 -15.254245
-13.604950 -13.768090 -13.918226 -14.059432 -14.198172 -14.337970 -14.479429 -14.622154 -14.765699 -14.909753 -15.054119 -15.198677 -15.343350 -15.488096 -15.632884
-13.427530 -13.580870 -13.724966 -13.864939 -14.004762 -14.145877 -14.288284 -14.431611 -14.575526 -14.719807 -14.864311 -15.008953 -15.153679 -15.298456 -15.443264
-13.832913 -13.986116 -14.131231 -14.272172 -14.412462 -14.553669 -14.696019 -14.839266 -14.983120 -15.127358 -15.271836 -15.416462 -15.561177 -15.705948 -15.850752
-13.832889 -13.991387 -14.141454 -14.284779 -14.425372 -14.565991 -14.707609 -14.850255 -14.993683 -15.137643 -15.281944 -15.426459 -15.571107 -15.715837 -15.860616
-13.435490 -13.580463 -13.719501 -13.858357 -13.998899 -14.140992 -14.284137 -14.427944 -14.572159 -14.716624 -14.861242 -15.005952 -15.150720 -15.295523 -15.440346
-13.902549 -14.045248 -14.184971 -14.325067 -14.466497 -14.609124 -14.752586 -14.896584 -15.040914 -15.185450 -15.330110 -15.474847 -15.619630 -15.764443 -15.909273
-13.803211 -13.954078 -14.099246 -14.241245 -14.382490 -14.524175 -14.666626 -14.809800 -14.953541 -15.097684 -15.242093 -15.386674 -15.531362 -15.676116 -15.820910
-13.507110 -13.653008 -13.794373 -13.934745 -14.075881 -14.218140 -14.361319 -14.505128 -14.649340 -14.793801 -14.938416 -15.083125 -15.227892 -15.372694 -15.517517
-13.992352 -14.126073 -14.281873 -14.442493 -14.597906 -14.745427 -14.887695 -15.028325 -15.169329 -15.311305 -15.454207 -15.597805 -15.741873 -15.886242 -16.030801
-13.587206 -13.743188 -13.888229 -14.027999 -14.167366 -14.308108 -14.450259 -14.593419 -14.737231 -14.881447 -15.025912 -15.170530 -15.315240 -15.460008 -15.604811
-13.404220 -13.552552 -13.694697 -13.834866 -13.975531 -14.117378 -14.260269 -14.403894 -14.547990 -14.692381 -14.836952 -14.981635 -15.126386 -15.271178 -15.415995
-13.410000 -13.558381 -13.699822 -13.839408 -13.979797 -14.121544 -14.264400 -14.408010 -14.552098 -14.696485 -14.841054 -14.985735 -15.130484 -15.275276 -15.420093
-13.591291 -13.739336 -13.880988 -14.020841 -14.161402 -14.303253 -14.446177 -14.589831 -14.733949 -14.878353 -15.022933 -15.167621 -15.312375 -15.457169 -15.601988
-13.342655 -13.481180 -13.621243 -13.762978 -13.905894 -14.049558 -14.193686 -14.338097 -14.482682 -14.627372 -14.772128 -14.916923 -15.061742 -15.206576 -15.351419
-13.715136 -13.870315 -14.015000 -14.154765 -14.294233 -14.435083 -14.577320 -14.720541 -14.864392 -15.008632 -15.153113 -15.297739 -15.442456 -15.587227 -15.732032
-13.749509 -13.893602 -14.033698 -14.173628 -14.314798 -14.457226 -14.600559 -14.744477 -14.888759 -15.033264 -15.177906 -15.322632 -15.467409 -15.612217 -15.757044
-13.584099 -13.745360 -13.903372 -14.052973 -14.196011 -14.336486 -14.477109 -14.618812 -14.761573 -14.905106 -15.049143 -15.193497 -15.338046 -15.482715 -15.627457
-13.691699 -13.849119 -14.018255 -14.180834 -14.331352 -14.473163 -14.612306 -14.752217 -14.893642 -15.036301 -15.179793 -15.323811 -15.468154 -15.612696 -15.757361
-13.777825 -13.934809 -14.091469 -14.241965 -14.386499 -14.527994 -14.668987 -14.810661 -14.953252 -15.096612 -15.240516 -15.384779 -15.529270 -15.673902 -15.818622
-13.536524 -13.704002 -13.859592 -14.003995 -14.143315 -14.282541 -14.423321 -14.565553 -14.708781 -14.852639 -14.996885 -15.141368 -15.285997 -15.430715 -15.575487
-13.522743 -13.684897 -13.851416 -14.008875 -14.155498 -14.296050 -14.435486 -14.576061 -14.718053 -14.861107 -15.004853 -15.149029 -15.293470 -15.438073 -15.582774
-13.677753 -13.840182 -13.993594 -14.138284 -14.278857 -14.419012 -14.560163 -14.702444 -14.845615 -14.989404 -15.133597 -15.278045 -15.422651 -15.567355 -15.712118
-13.597259 -13.756095 -13.902536 -14.042256 -14.181133 -14.321495 -14.463423 -14.606457 -14.750194 -14.894365 -15.038803 -15.183404 -15.328105 -15.472866 -15.617665
-13.801773 -13.925508 -14.065676 -14.214038 -14.364756 -14.514549 -14.661289 -14.804758 -14.946665 -15.088527 -15.230999 -15.374219 -15.518039 -15.662257 -15.806723
-13.265909 -13.423024 -13.590755 -13.751691 -13.901065 -14.042640 -14.181937 -14.322059 -14.463673 -14.606478 -14.750069 -14.894150 -15.038533 -15.183100 -15.327780
-13.716288 -13.812440 -13.957696 -14.124100 -14.289655 -14.444413 -14.588890 -14.728672 -14.868233 -15.009141 -15.151395 -15.294614 -15.438459 -15.582694 -15.727171
-13.654138 -13.812825 -13.961856 -14.104084 -14.244072 -14.384551 -14.526276 -14.669096 -14.812679 -14.956751 -15.101127 -15.245690 -15.390368 -15.535115 -15.679905
-13.699977 -13.780793 -13.913485 -14.072292 -14.236108 -14.393127 -14.540657 -14.682295 -14.822383 -14.963122 -15.105014 -15.247900 -15.391497 -15.535566 -15.679936
-13.572557 -13.712927 -13.852506 -13.993248 -14.135344 -14.278455 -14.422232 -14.566426 -14.710877 -14.855486 -15.000192 -15.144957 -15.289757 -15.434580 -15.579416
-13.529802 -13.670939 -13.813294 -13.956559 -14.100426 -14.244674 -14.389158 -14.533787 -14.678505 -14.823277 -14.968082 -15.112907 -15.257745 -15.402590 -15.547440
