-14.406764 -14.391140 -14.431041 -14.520583 -14.648562 -14.799855 -14.958961 -15.114786 -15.263409 -15.406531 -15.547473 -15.688479 -15.830374 -15.973195 -16.116730
-14.804942 -14.703696 -14.658273 -14.674003 -14.748683 -14.872490 -15.027805 -15.193336 -15.353193 -15.502497 -15.644477 -15.784143 -15.924436 -16.066098 -16.208912
-14.932242 -15.078288 -15.237865 -15.397256 -15.549298 -15.693830 -15.834624 -15.975014 -16.116358 -16.258842 -16.402206 -16.546144 -16.690439 -16.834952 -16.979599
-14.645424 -14.761790 -14.909336 -15.069731 -15.228696 -15.379848 -15.523964 -15.664836 -15.805425 -15.946923 -16.089460 -16.232813 -16.376725 -16.520998 -16.665496
-13.943382 -14.088511 -14.229241 -14.369343 -14.510453 -14.652771 -14.796015 -14.939872 -15.084115 -15.228597 -15.373224 -15.517941 -15.662712 -15.807517 -15.952342
-14.490600 -14.644202 -14.797472 -14.946377 -15.090970 -15.233256 -15.374982 -15.517024 -15.659684 -15.802978 -15.946790 -16.090975 -16.235413 -16.380012 -16.524711
-14.228509 -14.360389 -14.513106 -14.671148 -14.825138 -14.972578 -15.115469 -15.256683 -15.398009 -15.540091 -15.682973 -15.826500 -15.970493 -16.114803 -16.259318
-14.329352 -14.481919 -14.641996 -14.798113 -14.946553 -15.089371 -15.230106 -15.371037 -15.512935 -15.655785 -15.799350 -15.943398 -16.087754 -16.232303 -16.376972
-14.475139 -14.569707 -14.703833 -14.859838 -15.020873 -15.176274 -15.323548 -15.465585 -15.606059 -15.747025 -15.889050 -16.032026 -16.175687 -16.319801 -16.464200
-14.938677 -15.077975 -15.228470 -15.381510 -15.531807 -15.677975 -15.821091 -15.962903 -16.104734 -16.247188 -16.390355 -16.534107 -16.678272 -16.822702 -16.967297
-14.007830 -14.150455 -14.289523 -14.429125 -14.570295 -14.712790 -14.856181 -15.000137 -15.144443 -15.288963 -15.433614 -15.578345 -15.723126 -15.867936 -16.012764
-15.542002 -15.549155 -15.621811 -15.744387 -15.895577 -16.055995 -16.213333 -16.363009 -16.506493 -16.647401 -16.788239 -16.929935 -17.072574 -17.215967 -17.359891
-14.236679 -14.395359 -14.560536 -14.718480 -14.866153 -15.007454 -15.147143 -15.287683 -15.429566 -15.572527 -15.716209 -15.860345 -16.004760 -16.149348 -16.294040
-15.304484 -15.333896 -15.416437 -15.540945 -15.691016 -15.850035 -16.006631 -16.156288 -16.300012 -16.441072 -16.581953 -16.723667 -16.866344 -17.009790 -17.153767
-16.243101 -16.151913 -16.121004 -16.151616 -16.235512 -16.356594 -16.496048 -16.640058 -16.783608 -16.927328 -17.071854 -17.216606 -17.360884 -17.504340 -17.647273
-13.069698 -13.158734 -13.297440 -13.460690 -13.626364 -13.782766 -13.928749 -14.069183 -14.208765 -14.349484 -14.491553 -14.634641 -14.778403 -14.922586 -15.067031
-15.006729 -15.150418 -15.309634 -15.469375 -15.621853 -15.766872 -15.908019 -16.048522 -16.189847 -16.332240 -16.475497 -16.619350 -16.763586 -16.908062 -17.052686
-15.030028 -15.117229 -15.248941 -15.406983 -15.571538 -15.729158 -15.876757 -16.018122 -16.157885 -16.298470 -16.440384 -16.583370 -16.727070 -16.871218 -17.015641
-14.174713 -14.314454 -14.455336 -14.597530 -14.740705 -14.884523 -15.028742 -15.173208 -15.317827 -15.462538 -15.607306 -15.752109 -15.896933 -16.041770 -16.186615
-15.024145 -14.941703 -14.933765 -14.999906 -15.126041 -15.286771 -15.455389 -15.615762 -15.764262 -15.905242 -16.044399 -16.184587 -16.326279 -16.469134 -16.612753
-14.010647 -14.121645 -14.260445 -14.413557 -14.569262 -14.720699 -14.866624 -15.009077 -15.150441 -15.292098 -15.434510 -15.577662 -15.721389 -15.865521 -16.009922
-14.830023 -14.819315 -14.870819 -14.972113 -15.106220 -15.256451 -15.410451 -15.561612 -15.708210 -15.851504 -15.993473 -16.135398 -16.277772 -16.420718 -16.564212
-15.339015 -15.211367 -15.146498 -15.153553 -15.227983 -15.353750 -15.507977 -15.670190 -15.828054 -15.977289 -16.120057 -16.260515 -16.401197 -16.542899 -16.685609
-14.316755 -14.457884 -14.599955 -14.742916 -14.886546 -15.030629 -15.175006 -15.319568 -15.464244 -15.608990 -15.753780 -15.898595 -16.043427 -16.188269 -16.333117
-14.094549 -14.197242 -14.343615 -14.509309 -14.673753 -14.827561 -14.971664 -15.111472 -15.251163 -15.392201 -15.534561 -15.677857 -15.821753 -15.966022 -16.110519
-14.610498 -14.638936 -14.736005 -14.882477 -15.050447 -15.216587 -15.371077 -15.515060 -15.654472 -15.793899 -15.934826 -16.077144 -16.220423 -16.364312 -16.508576
-13.932245 -14.095399 -14.259219 -14.413663 -14.558664 -14.699009 -14.838838 -14.979820 -15.122086 -15.265305 -15.409149 -15.553384 -15.697861 -15.842485 -15.987200
-14.822293 -14.949618 -15.104131 -15.266052 -15.422855 -15.571335 -15.713911 -15.854425 -15.995253 -16.137097 -16.279908 -16.423446 -16.567477 -16.711824 -16.856369
-14.385971 -14.551723 -14.703377 -14.844616 -14.982847 -15.122263 -15.263511 -15.406118 -15.549593 -15.693604 -15.837944 -15.982485 -16.127150 -16.271889 -16.416674
-14.064817 -14.226644 -14.387518 -14.539746 -14.684002 -14.824566 -14.964834 -15.106146 -15.248606 -15.391934 -15.535840 -15.680111 -15.824610 -15.969248 -16.113971
-15.305886 -15.438557 -15.592913 -15.752637 -15.907893 -16.055728 -16.198441 -16.339327 -16.480376 -16.622305 -16.765144 -16.908692 -17.052730 -17.197082 -17.341629
-15.525383 -15.378755 -15.281032 -15.248740 -15.284902 -15.381936 -15.522675 -15.684490 -15.847911 -16.002838 -16.148506 -16.289258 -16.429209 -16.570148 -16.712317
-15.123901 -15.176755 -15.285467 -15.430505 -15.590807 -15.750997 -15.903620 -16.048540 -16.189598 -16.330077 -16.471370 -16.613713 -16.756921 -16.900735 -17.044945
-13.900721 -14.013423 -14.158343 -14.318333 -14.478273 -14.630449 -14.775062 -14.915957 -15.056384 -15.197739 -15.340199 -15.483518 -15.627417 -15.771683 -15.916178
-14.491638 -14.490609 -14.545040 -14.648706 -14.789188 -14.949061 -15.111124 -15.265362 -15.410931 -15.551854 -15.691964 -15.833020 -15.975289 -16.118499 -16.262336
-14.645466 -14.798181 -14.954011 -15.105927 -15.252278 -15.394904 -15.536252 -15.677826 -15.820161 -15.963269 -16.106981 -16.251113 -16.395520 -16.540099 -16.684786
-16.179282 -16.135024 -16.156005 -16.237687 -16.366789 -16.523419 -16.687413 -16.845480 -16.993873 -17.135762 -17.275706 -17.416254 -17.558050 -17.700920 -17.844536
-14.733208 -14.789444 -14.898068 -15.042535 -15.203161 -15.363786 -15.516481 -15.661330 -15.802251 -15.942626 -16.083900 -16.226271 -16.369515 -16.513359 -16.657589
-15.310751 -15.362259 -15.450371 -15.560999 -15.686785 -15.825412 -15.972535 -16.122276 -16.270851 -16.416809 -16.560307 -16.702561 -16.844775 -16.987520 -17.130895
-15.236195 -15.356684 -15.508941 -15.672851 -15.832831 -15.983086 -16.125874 -16.265890 -16.406202 -16.547758 -16.690459 -16.833967 -16.977993 -17.122341 -17.266887
-14.208923 -14.364824 -14.512536 -14.654737 -14.795181 -14.936075 -15.078057 -15.221021 -15.364686 -15.508805 -15.653209 -15.797788 -15.942476 -16.087230 -16.232023
-14.089321 -14.230018 -14.368893 -14.508945 -14.650583 -14.793414 -14.937022 -15.081114 -15.225502 -15.370073 -15.514756 -15.659506 -15.804298 -15.949116 -16.093948
-14.711687 -14.789569 -14.911197 -15.060794 -15.221112 -15.379021 -15.529123 -15.672715 -15.813509 -15.954211 -16.095855 -16.238515 -16.381956 -16.525927 -16.670236
-14.905890 -15.046915 -15.189083 -15.332195 -15.475960 -15.620144 -15.764588 -15.909192 -16.053895 -16.198658 -16.343457 -16.488279 -16.633115 -16.777959 -16.922808
-14.319524 -14.458992 -14.598706 -14.739885 -14.882378 -15.025769 -15.169727 -15.314034 -15.458555 -15.603206 -15.747938 -15.892718 -16.037529 -16.182357 -16.327197
-14.722770 -14.596155 -14.540091 -14.563986 -14.660809 -14.808533 -14.977126 -15.143342 -15.297759 -15.441583 -15.580910 -15.720328 -15.861259 -16.003576 -16.146851
-13.675594 -13.707613 -13.797442 -13.932354 -14.092575 -14.257470 -14.414304 -14.561056 -14.701988 -14.841690 -14.982371 -15.124390 -15.267448 -15.411193 -15.555367
-14.588746 -14.743471 -14.905483 -15.062432 -15.210651 -15.352875 -15.493157 -15.633895 -15.775776 -15.918682 -16.062312 -16.206411 -16.350803 -16.495375 -16.640058
-15.223226 -15.378198 -15.534951 -15.686612 -15.832364 -15.974596 -16.115760 -16.257267 -16.399604 -16.542742 -16.686490 -16.830656 -16.975087 -17.119684 -17.264382
-15.259627 -15.223036 -15.255172 -15.347946 -15.483923 -15.641755 -15.803747 -15.959499 -16.106573 -16.248273 -16.388548 -16.529430 -16.671429 -16.814405 -16.958075
-14.772298 -14.915234 -15.056333 -15.197557 -15.339621 -15.482558 -15.626168 -15.770241 -15.914613 -16.059172 -16.203846 -16.348592 -16.493381 -16.638196 -16.783028
-14.838691 -14.811967 -14.847081 -14.936364 -15.065648 -15.217971 -15.377658 -15.533694 -15.682225 -15.825171 -15.965983 -16.106924 -16.248796 -16.391617 -16.535160
-14.867046 -15.015275 -15.157764 -15.298322 -15.439198 -15.581065 -15.723880 -15.867412 -16.011434 -16.155772 -16.300310 -16.444971 -16.589709 -16.734493 -16.879306
-13.973720 -14.141000 -14.297872 -14.443571 -14.583539 -14.722839 -14.863471 -15.005542 -15.148653 -15.292435 -15.436633 -15.581087 -15.725698 -15.870405 -16.015170
-14.464341 -14.391336 -14.399127 -14.482869 -14.621562 -14.786028 -14.952686 -15.109698 -15.255750 -15.396015 -15.535456 -15.676091 -15.818107 -15.961160 -16.104898
-14.421787 -14.537978 -14.688887 -14.851964 -15.011991 -15.163033 -15.306530 -15.446918 -15.587311 -15.728766 -15.871310 -16.014679 -16.158606 -16.302888 -16.447393
-15.104070 -15.164057 -15.279120 -15.429318 -15.592668 -15.753294 -15.904694 -16.048261 -16.188553 -16.328831 -16.470225 -16.612754 -16.756128 -16.900063 -17.044353
-14.421380 -14.448768 -14.538095 -14.673561 -14.833252 -14.997044 -15.153409 -15.300312 -15.441581 -15.581535 -15.722301 -15.864295 -16.007297 -16.150993 -16.295134
-14.138157 -14.279952 -14.420099 -14.560861 -14.702802 -14.845757 -14.989421 -15.133542 -15.277948 -15.422530 -15.567218 -15.711972 -15.856766 -16.001585 -16.146419
-14.508328 -14.658957 -14.802491 -14.943012 -15.083496 -15.225047 -15.367695 -15.511154 -15.655147 -15.799474 -15.944006 -16.088665 -16.233401 -16.378184 -16.522996
-14.902415 -14.906163 -14.972498 -15.089906 -15.239895 -15.402186 -15.561817 -15.712715 -15.856293 -15.996781 -16.137222 -16.278709 -16.421281 -16.564674 -16.708616
-14.953838 -15.084878 -15.242406 -15.405739 -15.562984 -15.711011 -15.852936 -15.993080 -16.133779 -16.275620 -16.418475 -16.562060 -16.706125 -16.850495 -16.995053
-14.714559 -14.867834 -15.034387 -15.196238 -15.347786 -15.490846 -15.630629 -15.770682 -15.912012 -16.054529 -16.197907 -16.341850 -16.486146 -16.630661 -16.775309
-14.387747 -14.443538 -14.550581 -14.693342 -14.852927 -15.013384 -15.166457 -15.311733 -15.452881 -15.593301 -15.734537 -15.876859 -16.020064 -16.163882 -16.308095
-16.280610 -16.300313 -16.386126 -16.523873 -16.688776 -16.855914 -17.012615 -17.158372 -17.298444 -17.437801 -17.578469 -17.720560 -17.863678 -18.007459 -18.151656
-14.358454 -14.516901 -14.667132 -14.810633 -14.951318 -15.091955 -15.233555 -15.376175 -15.519583 -15.663528 -15.807820 -15.952330 -16.096974 -16.241701 -16.386479
-14.890396 -14.837360 -14.861282 -14.954101 -15.094934 -15.257396 -15.421174 -15.576462 -15.722293 -15.863058 -16.002996 -16.143896 -16.286005 -16.429079 -16.572817
-14.983633 -15.140936 -15.303770 -15.460368 -15.607954 -15.749756 -15.889925 -16.030700 -16.172632 -16.315567 -16.459210 -16.603315 -16.747710 -16.892284 -17.036968
-13.986575 -14.143306 -14.313521 -14.477575 -14.629149 -14.771180 -14.910150 -15.049857 -15.191135 -15.333703 -15.477138 -15.621122 -15.765444 -15.909973 -16.054631
-14.379948 -14.467165 -14.602415 -14.762955 -14.927756 -15.084608 -15.231453 -15.372483 -15.512255 -15.652943 -15.794923 -15.937932 -16.081636 -16.225784 -16.370205
-14.773212 -14.886657 -15.031370 -15.190153 -15.348959 -15.500759 -15.645583 -15.786833 -15.927496 -16.068927 -16.211370 -16.354646 -16.498503 -16.642740 -16.787216
-15.120386 -15.082166 -15.107660 -15.190056 -15.315228 -15.465402 -15.624178 -15.780373 -15.929634 -16.073230 -16.214372 -16.355374 -16.497164 -16.639861 -16.783294
-13.647163 -13.811993 -13.978371 -14.134687 -14.280291 -14.420400 -14.559848 -14.700561 -14.842664 -14.985787 -15.129573 -15.273773 -15.418229 -15.562840 -15.707548
-14.542627 -14.557152 -14.649426 -14.797444 -14.968141 -15.135736 -15.290615 -15.434228 -15.573161 -15.712353 -15.853212 -15.995518 -16.138797 -16.282687 -16.426952
-14.237642 -14.378973 -14.521524 -14.664940 -14.808910 -14.953224 -15.097749 -15.242403 -15.387136 -15.531918 -15.676729 -15.821557 -15.966397 -16.111244 -16.256095
-14.369142 -14.517702 -14.658465 -14.797411 -14.937507 -15.079181 -15.222041 -15.365668 -15.509772 -15.654169 -15.798744 -15.943430 -16.088182 -16.232975 -16.377793
-16.125688 -16.013606 -15.942104 -15.911681 -15.921268 -15.972359 -16.064682 -16.191230 -16.339330 -16.495664 -16.650424 -16.799363 -16.943250 -17.084775 -17.226032
-14.414942 -14.583402 -14.745252 -14.895328 -15.037091 -15.176332 -15.316338 -15.457830 -15.600535 -15.744056 -15.888092 -16.032446 -16.176996 -16.321666 -16.466408
-15.545055 -15.426109 -15.358677 -15.351086 -15.403252 -15.507780 -15.650179 -15.811280 -15.973512 -16.127382 -16.272544 -16.413263 -16.553345 -16.694436 -16.836738
-14.385435 -14.535569 -14.690473 -14.842597 -14.989640 -15.132889 -15.274571 -15.416227 -15.558497 -15.701479 -15.845061 -15.989087 -16.133417 -16.277946 -16.422600
-14.653351 -14.821847 -14.985014 -15.136460 -15.278868 -15.418153 -15.557991 -15.699305 -15.841878 -15.985313 -16.129296 -16.273617 -16.418147 -16.562804 -16.707539
-13.784273 -13.951817 -14.117771 -14.272196 -14.416212 -14.555682 -14.695137 -14.836075 -14.978400 -15.121685 -15.265576 -15.409843 -15.554339 -15.698975 -15.843698
-14.729136 -14.668229 -14.681366 -14.765100 -14.902978 -15.068346 -15.236007 -15.393191 -15.539057 -15.679023 -15.818263 -15.958852 -16.100902 -16.244003 -16.387779
-14.733239 -14.873661 -15.014299 -15.156028 -15.298805 -15.442344 -15.586384 -15.730739 -15.875289 -16.019958 -16.164700 -16.309487 -16.454302 -16.599133 -16.743974
-14.569951 -14.738124 -14.900261 -15.050800 -15.192837 -15.332150 -15.472127 -15.613562 -15.756217 -15.899704 -16.043719 -16.188060 -16.332602 -16.477266 -16.622006
-15.087592 -15.172798 -15.306045 -15.463571 -15.625869 -15.782005 -15.929484 -16.071439 -16.211809 -16.352694 -16.494632 -16.637518 -16.781105 -16.925164 -17.069527
-14.398253 -14.565085 -14.724042 -14.871986 -15.013095 -15.152545 -15.292937 -15.434735 -15.577644 -15.721292 -15.865407 -16.009809 -16.154389 -16.299076 -16.443830
-14.702544 -14.726657 -14.812984 -14.946461 -15.105666 -15.270065 -15.427165 -15.574435 -15.715743 -15.855597 -15.996264 -16.138202 -16.281175 -16.424856 -16.568987
-13.731368 -13.841807 -14.001917 -14.175111 -14.339821 -14.490834 -14.631984 -14.770398 -14.909968 -15.051298 -15.193948 -15.337448 -15.481474 -15.625824 -15.770371
-14.717026 -14.867507 -15.016698 -15.162883 -15.306610 -15.449148 -15.591473 -15.734067 -15.877107 -16.020619 -16.164543 -16.308784 -16.453250 -16.597864 -16.742572
-13.827159 -13.906705 -14.035743 -14.193213 -14.357887 -14.516128 -14.664390 -14.806113 -14.945967 -15.086496 -15.228295 -15.371168 -15.514782 -15.658871 -15.803258
-14.355597 -14.495318 -14.635553 -14.777136 -14.919889 -15.063440 -15.207496 -15.351862 -15.496419 -15.641093 -15.785838 -15.930627 -16.075442 -16.220274 -16.365116
-13.987203 -14.034828 -14.148307 -14.301722 -14.468338 -14.630668 -14.782114 -14.924947 -15.064630 -15.204641 -15.345973 -15.488510 -15.631903 -15.775852 -15.920151
-15.865253 -15.898744 -15.993628 -16.133839 -16.296658 -16.461289 -16.616748 -16.762351 -16.902819 -17.042548 -17.183397 -17.325556 -17.468703 -17.612501 -17.756708
-13.169599 -13.334715 -13.501158 -13.657296 -13.802699 -13.942707 -14.082134 -14.222866 -14.364999 -14.508147 -14.651951 -14.796163 -14.940625 -15.085241 -15.229951
-13.782842 -13.936473 -14.102482 -14.263818 -14.414438 -14.556969 -14.696644 -14.836752 -14.978213 -15.120868 -15.264352 -15.408363 -15.552702 -15.697242 -15.841905
-13.663199 -13.822893 -13.986961 -14.143332 -14.290026 -14.431102 -14.570949 -14.711703 -14.853744 -14.996804 -15.140546 -15.284718 -15.429156 -15.573757 -15.718457
-14.090028 -14.246974 -14.406362 -14.559647 -14.705649 -14.847388 -14.988063 -15.129328 -15.271589 -15.414718 -15.558473 -15.702642 -15.847075 -15.991672 -16.136370
-15.108001 -15.162861 -15.267271 -15.408356 -15.568399 -15.730279 -15.884271 -16.029706 -16.170616 -16.310763 -16.451855 -16.594143 -16.737361 -16.881201 -17.025432
-14.169860 -14.310561 -14.452584 -14.595636 -14.739373 -14.883541 -15.027976 -15.172576 -15.317275 -15.462036 -15.606835 -15.751656 -15.896491 -16.041335 -16.186184
-14.205422 -14.345729 -14.485905 -14.627226 -14.769728 -14.913097 -15.057034 -15.201326 -15.345837 -15.490483 -15.635211 -15.779989 -15.924798 -16.069626 -16.214465
-13.812758 -13.963892 -14.106594 -14.246229 -14.386246 -14.527630 -14.670233 -14.813682 -14.957672 -15.101997 -15.246529 -15.391188 -15.535924 -15.680707 -15.825519
-15.157526 -15.143365 -15.212424 -15.346918 -15.513937 -15.683783 -15.842798 -15.989370 -16.129145 -16.268044 -16.408392 -16.550288 -16.693293 -16.837010 -16.981169
-15.101535 -15.108111 -15.179519 -15.301566 -15.453283 -15.614682 -15.772849 -15.922811 -16.066136 -16.206803 -16.347485 -16.489115 -16.631749 -16.775163 -16.919112
-14.382780 -14.545099 -14.698005 -14.842252 -14.982568 -15.122645 -15.263842 -15.406224 -15.549496 -15.693364 -15.837610 -15.982093 -16.126720 -16.271437 -16.416209
-15.599243 -15.497178 -15.452743 -15.469039 -15.540855 -15.656682 -15.800909 -15.957441 -16.113954 -16.264589 -16.409412 -16.551168 -16.692298 -16.833982 -16.976502
-14.845544 -14.869977 -14.945856 -15.064354 -15.211744 -15.371710 -15.530430 -15.681396 -15.825404 -15.966224 -16.106802 -16.248332 -16.390928 -16.534339 -16.678297
-15.035619 -15.193463 -15.340663 -15.481542 -15.621084 -15.761629 -15.903534 -16.046503 -16.190186 -16.334320 -16.478734 -16.623320 -16.768012 -16.912768 -17.057563
-14.014003 -14.134130 -14.293739 -14.463474 -14.625572 -14.775275 -14.916560 -15.055557 -15.195517 -15.337034 -15.479773 -15.623321 -15.767374 -15.911740 -16.056296
-13.359429 -13.501136 -13.644030 -13.787680 -13.931798 -14.076203 -14.220784 -14.365473 -14.510227 -14.655021 -14.799840 -14.944674 -15.089516 -15.234365 -15.379217
-14.733356 -14.848875 -14.990759 -15.145571 -15.301765 -15.452943 -15.598369 -15.740414 -15.881573 -16.023198 -16.165673 -16.308921 -16.452744 -16.596952 -16.741409
-14.044644 -14.193677 -14.355232 -14.514647 -14.665559 -14.809227 -14.949780 -15.090245 -15.231749 -15.374343 -15.517756 -15.661714 -15.806017 -15.950535 -16.095184
-14.777540 -14.646335 -14.589851 -14.619552 -14.727291 -14.885572 -15.058678 -15.224034 -15.375642 -15.517105 -15.655532 -15.795013 -15.936267 -16.078870 -16.222342
-14.154470 -14.319474 -14.471173 -14.612905 -14.751545 -14.891094 -15.032340 -15.174919 -15.318372 -15.462369 -15.606700 -15.751236 -15.895897 -16.040634 -16.185418
-14.980382 -15.002177 -15.090381 -15.228406 -15.391278 -15.556682 -15.713073 -15.859191 -15.999746 -16.139397 -16.280134 -16.422194 -16.565267 -16.709013 -16.853187
-15.479596 -15.587742 -15.722219 -15.870649 -16.023228 -16.173945 -16.320706 -16.464299 -16.606434 -16.748389 -16.890775 -17.033769 -17.177329 -17.321330 -17.465642
-14.656346 -14.804588 -14.948229 -15.089883 -15.231361 -15.373393 -15.516143 -15.659547 -15.803450 -15.947701 -16.092182 -16.236808 -16.381524 -16.526295 -16.671099
-14.138157 -14.279952 -14.420099 -14.560861 -14.702802 -14.845757 -14.989421 -15.133542 -15.277948 -15.422530 -15.567218 -15.711972 -15.856766 -16.001585 -16.146419
-15.713472 -15.654055 -15.689567 -15.808768 -15.970293 -16.134356 -16.292032 -16.441700 -16.584419 -16.724962 -16.865782 -17.007414 -17.149934 -17.293224 -17.437079
-15.069715 -15.184308 -15.329294 -15.487229 -15.645258 -15.796790 -15.941699 -16.083173 -16.224002 -16.365488 -16.507920 -16.651163 -16.794991 -16.939206 -17.083668
-14.994743 -14.946542 -14.982126 -15.090398 -15.244103 -15.412746 -15.576820 -15.729097 -15.871830 -16.011124 -16.150858 -16.292059 -16.434546 -16.577921 -16.721865
-14.579139 -14.499796 -14.489367 -14.548031 -14.664994 -14.819424 -14.986594 -15.148549 -15.299225 -15.441533 -15.580992 -15.720997 -15.862433 -16.005093 -16.148585
-14.544309 -14.706702 -14.858967 -15.002502 -15.142465 -15.282487 -15.423739 -15.566191 -15.709521 -15.853430 -15.997704 -16.142203 -16.286842 -16.431566 -16.576341
-13.978588 -14.133895 -14.279418 -14.419879 -14.559624 -14.700493 -14.842673 -14.985836 -15.129646 -15.273860 -15.418324 -15.562941 -15.707651 -15.852419 -15.997221
-13.736229 -13.875300 -14.015451 -14.157124 -14.299965 -14.443576 -14.587669 -14.732058 -14.876630 -15.021312 -15.166063 -15.310855 -15.455672 -15.600505 -15.745347
-14.574534 -14.695590 -14.840445 -14.995513 -15.150323 -15.299958 -15.444549 -15.586469 -15.727837 -15.869710 -16.012358 -16.155701 -16.299567 -16.443794 -16.588257
-13.800179 -13.960532 -14.120200 -14.272034 -14.416496 -14.557415 -14.697920 -14.839319 -14.981780 -15.125082 -15.268960 -15.413211 -15.557696 -15.702324 -15.847042
-14.625909 -14.795004 -14.963026 -15.118936 -15.263371 -15.402600 -15.541746 -15.682478 -15.824683 -15.967896 -16.111744 -16.255984 -16.400464 -16.545091 -16.689807
-14.931019 -15.038624 -15.181109 -15.340729 -15.501286 -15.654330 -15.799575 -15.940684 -16.081066 -16.222298 -16.364639 -16.507869 -16.651710 -16.795941 -16.940415
-14.375426 -14.411243 -14.515526 -14.666567 -14.835474 -15.000445 -15.153417 -15.296471 -15.435693 -15.575276 -15.716392 -15.858846 -16.002212 -16.146153 -16.290450
-14.799609 -14.892165 -15.025597 -15.181601 -15.342875 -15.498519 -15.645923 -15.787983 -15.928436 -16.069374 -16.211374 -16.354327 -16.497970 -16.642070 -16.786461
-14.095516 -14.217029 -14.371239 -14.536053 -14.696038 -14.845975 -14.988477 -15.128388 -15.268700 -15.410269 -15.552970 -15.696472 -15.840491 -15.984834 -16.129377
-14.400185 -14.478363 -14.605741 -14.760808 -14.923550 -15.081195 -15.229883 -15.372302 -15.512626 -15.653315 -15.795091 -15.937876 -16.081404 -16.225428 -16.369769
-13.186605 -13.353876 -13.524822 -13.684430 -13.831188 -13.970840 -14.109559 -14.249814 -14.391684 -14.534685 -14.678404 -14.822564 -14.966996 -15.111593 -15.256291
-14.512428 -14.514582 -14.591577 -14.726876 -14.892150 -15.060667 -15.218877 -15.365312 -15.505347 -15.644464 -15.784920 -15.926873 -16.069910 -16.213647 -16.357817
-14.081338 -14.251722 -14.420628 -14.576960 -14.721377 -14.860385 -14.999381 -15.140056 -15.282243 -15.425449 -15.569295 -15.713533 -15.858012 -16.002639 -16.147355
-13.998458 -14.042204 -14.143902 -14.288257 -14.453002 -14.617497 -14.771660 -14.916098 -15.056045 -15.195731 -15.336735 -15.479072 -15.622357 -15.766247 -15.910513
-14.790814 -14.853338 -14.987640 -15.157527 -15.329375 -15.489028 -15.635316 -15.774494 -15.913037 -16.053285 -16.195185 -16.338215 -16.481952 -16.626124 -16.770563
-16.452950 -16.371401 -16.358400 -16.415599 -16.532218 -16.685177 -16.848960 -17.008661 -17.159462 -17.302789 -17.443120 -17.583536 -17.725007 -17.867552 -18.010921
-15.223226 -15.378198 -15.534951 -15.686612 -15.832364 -15.974596 -16.115760 -16.257267 -16.399604 -16.542742 -16.686490 -16.830656 -16.975087 -17.119684 -17.264382
-14.570545 -14.719714 -14.890391 -15.057514 -15.211914 -15.355289 -15.494213 -15.633472 -15.774392 -15.916739 -16.060045 -16.203951 -16.348226 -16.492728 -16.637368
-15.250983 -15.399896 -15.552472 -15.702998 -15.849672 -15.993315 -16.135468 -16.277378 -16.419729 -16.562730 -16.706327 -16.850373 -16.994725 -17.139271 -17.283938
-15.590274 -15.717425 -15.866776 -16.023996 -16.179135 -16.328140 -16.471997 -16.613449 -16.754610 -16.896449 -17.039157 -17.182597 -17.326559 -17.470863 -17.615381
-14.741475 -14.906371 -15.058907 -15.201568 -15.340634 -15.480218 -15.621380 -15.763878 -15.907273 -16.051234 -16.195542 -16.340064 -16.484716 -16.629448 -16.774229
-15.123414 -15.216351 -15.343629 -15.491697 -15.647367 -15.801227 -15.949600 -16.093389 -16.235059 -16.376494 -16.518534 -16.661344 -16.804811 -16.948762 -17.093044
-14.816538 -14.708606 -14.680250 -14.736016 -14.861440 -15.025692 -15.196928 -15.358306 -15.506627 -15.646923 -15.785621 -15.925654 -16.067324 -16.210188 -16.353819
-14.506644 -14.647755 -14.814472 -14.981932 -15.138378 -15.283588 -15.423293 -15.562551 -15.703230 -15.845355 -15.988506 -16.132314 -16.276528 -16.420992 -16.565609
-14.633601 -14.701668 -14.810656 -14.948343 -15.100951 -15.256662 -15.408484 -15.554827 -15.697514 -15.838935 -15.980551 -16.122888 -16.265974 -16.409660 -16.553771
-16.002505 -16.042115 -16.146109 -16.292073 -16.455406 -16.618121 -16.771667 -16.916332 -17.056798 -17.196835 -17.337926 -17.480216 -17.623427 -17.767259 -17.911486
-14.669661 -14.821028 -14.986759 -15.148953 -15.300476 -15.443458 -15.583198 -15.723206 -15.864554 -16.007128 -16.150557 -16.294533 -16.438850 -16.583376 -16.728031
-15.086842 -15.202523 -15.351808 -15.514820 -15.675425 -15.826771 -15.970308 -16.110568 -16.250829 -16.392248 -16.534822 -16.678238 -16.822204 -16.966514 -17.111036
-14.020324 -14.189519 -14.358970 -14.516630 -14.661964 -14.801257 -14.940189 -15.080705 -15.222750 -15.365859 -15.509642 -15.653842 -15.798298 -15.942909 -16.087616
-14.562782 -14.715161 -14.875416 -15.031844 -15.180436 -15.323232 -15.463879 -15.604741 -15.746614 -15.889472 -16.033057 -16.177122 -16.321492 -16.466051 -16.610725
-15.027297 -15.006952 -15.048739 -15.144547 -15.280142 -15.437229 -15.598502 -15.753609 -15.900525 -16.042334 -16.182742 -16.323734 -16.465803 -16.608814 -16.752500
-15.276202 -15.442809 -15.603592 -15.753495 -15.895555 -16.035166 -16.175359 -16.316880 -16.459555 -16.603041 -16.747051 -16.891389 -17.035928 -17.180591 -17.325329
-14.488946 -14.653458 -14.811846 -14.960340 -15.102191 -15.242063 -15.382569 -15.524347 -15.667207 -15.810816 -15.954905 -16.099290 -16.243859 -16.388540 -16.533290
-14.205605 -14.370795 -14.530019 -14.679089 -14.821113 -14.960951 -15.101359 -15.243028 -15.385796 -15.529338 -15.673382 -15.817739 -15.962290 -16.106960 -16.251703
-15.384980 -15.544173 -15.703247 -15.855091 -15.999858 -16.141064 -16.281713 -16.423141 -16.565575 -16.708837 -16.852681 -16.996907 -17.141375 -17.285993 -17.430704
-14.098711 -14.256400 -14.402786 -14.543046 -14.682381 -14.822926 -14.964885 -15.107903 -15.251619 -15.395775 -15.540203 -15.684798 -15.829494 -15.974254 -16.119051
-14.024031 -14.177199 -14.330687 -14.480043 -14.624994 -14.767442 -14.909202 -15.051214 -15.193812 -15.337037 -15.480790 -15.624933 -15.769341 -15.913922 -16.058609
-14.853307 -15.012178 -15.168701 -15.318105 -15.461644 -15.602655 -15.743574 -15.885363 -16.028106 -16.171593 -16.315588 -16.459912 -16.604441 -16.749097 -16.893832
-14.652134 -14.739598 -14.860304 -15.002410 -15.154399 -15.307448 -15.456887 -15.602125 -15.744772 -15.886570 -16.028565 -16.171172 -16.314432 -16.458226 -16.602405
-14.787721 -14.902921 -15.051823 -15.215245 -15.376421 -15.527956 -15.671402 -15.811500 -15.951652 -16.093043 -16.235634 -16.379076 -16.523063 -16.667387 -16.811918
-14.357521 -14.391404 -14.490622 -14.636461 -14.802780 -14.967888 -15.122178 -15.266426 -15.406166 -15.545765 -15.686735 -15.829048 -15.972313 -16.116190 -16.260446
-14.102928 -14.189814 -14.320623 -14.477232 -14.640623 -14.797949 -14.945877 -15.087677 -15.227700 -15.368358 -15.510244 -15.653176 -15.796830 -15.940946 -16.085348
-14.505038 -14.455902 -14.481012 -14.570660 -14.705291 -14.862179 -15.023179 -15.178332 -15.325507 -15.467605 -15.608208 -15.749252 -15.891266 -16.034178 -16.177769
-13.932173 -14.092035 -14.244195 -14.388869 -14.529838 -14.670312 -14.811668 -14.954099 -15.097383 -15.241252 -15.385499 -15.529981 -15.674608 -15.819325 -15.964096
-15.176042 -15.043669 -14.957873 -14.930345 -14.963387 -15.051870 -15.183522 -15.340322 -15.503521 -15.660570 -15.808322 -15.950076 -16.090123 -16.230817 -16.372732
-14.756380 -14.685910 -14.686573 -14.756231 -14.881219 -15.038630 -15.204720 -15.364420 -15.513494 -15.655301 -15.794943 -15.935262 -16.076921 -16.219707 -16.363271
-14.058099 -14.224135 -14.394170 -14.553356 -14.700093 -14.839949 -14.978817 -15.119133 -15.261026 -15.404039 -15.547763 -15.691927 -15.836361 -15.980959 -16.125658
-14.300775 -14.463585 -14.616554 -14.760607 -14.900751 -15.040745 -15.181916 -15.324296 -15.467574 -15.611447 -15.755698 -15.900183 -16.044813 -16.189531 -16.334303
-13.980743 -14.127685 -14.268325 -14.407758 -14.548278 -14.690191 -14.833173 -14.976867 -15.121009 -15.265428 -15.410017 -15.554711 -15.699468 -15.844264 -15.989084
-15.641087 -15.510378 -15.344927 -15.182779 -15.070544 -15.032607 -15.072642 -15.178186 -15.325316 -15.488512 -15.650374 -15.803315 -15.947800 -16.088345 -16.228544
-15.887198 -15.942504 -16.039807 -16.167538 -16.313349 -16.466306 -16.618708 -16.767165 -16.911780 -17.054153 -17.195879 -17.337930 -17.480655 -17.624047 -17.767957
-14.195485 -14.329058 -14.484022 -14.644281 -14.799410 -14.946786 -15.089032 -15.229656 -15.370688 -15.512727 -15.655696 -15.799345 -15.943449 -16.087841 -16.232413
-14.567553 -14.603948 -14.697827 -14.834924 -14.995065 -15.158773 -15.314630 -15.461031 -15.602057 -15.741969 -15.882794 -16.024877 -16.167957 -16.311709 -16.455886
-15.718014 -15.803890 -15.942812 -16.107126 -16.273472 -16.430176 -16.576109 -16.716379 -16.855859 -16.996535 -17.138585 -17.281661 -17.425414 -17.569592 -17.714034
-14.199410 -14.258999 -14.367589 -14.511846 -14.673493 -14.835359 -14.988478 -15.133085 -15.273594 -15.413691 -15.554883 -15.697292 -15.840606 -15.984510 -16.128784
-14.918768 -15.079074 -15.227825 -15.369084 -15.508356 -15.648558 -15.790244 -15.933096 -16.076716 -16.220814 -16.365208 -16.509781 -16.654465 -16.799217 -16.944009
-15.317131 -15.178625 -15.105962 -15.112901 -15.196239 -15.336695 -15.503935 -15.671886 -15.828740 -15.974115 -16.113778 -16.252964 -16.393590 -16.535676 -16.678800
-14.482974 -14.648281 -14.809611 -14.960460 -15.103213 -15.242974 -15.383080 -15.524530 -15.667185 -15.810672 -15.954688 -16.099030 -16.243572 -16.388236 -16.532976
-15.867309 -15.714751 -15.612282 -15.578212 -15.612797 -15.702771 -15.828483 -15.973300 -16.126025 -16.278686 -16.427497 -16.572595 -16.715351 -16.857142 -16.999066
-15.209439 -15.244119 -15.344527 -15.487933 -15.649433 -15.811234 -15.964941 -16.110237 -16.251212 -16.391505 -16.532649 -16.674879 -16.817999 -16.961749 -17.105915
-14.659655 -14.817384 -14.967206 -15.110571 -15.251249 -15.391936 -15.533632 -15.676366 -15.819875 -15.963896 -16.108239 -16.252781 -16.397446 -16.542186 -16.686971
-14.465252 -14.467967 -14.547363 -14.684721 -14.850757 -15.019266 -15.177119 -15.323146 -15.462987 -15.602086 -15.742583 -15.884581 -16.027653 -16.171413 -16.315598
-15.475774 -15.463865 -15.503871 -15.590474 -15.713045 -15.858244 -16.013262 -16.168200 -16.318018 -16.462709 -16.604644 -16.745960 -16.887769 -17.030386 -17.173735
-14.716467 -14.861322 -15.024724 -15.187815 -15.341397 -15.485920 -15.626181 -15.766103 -15.907202 -16.049557 -16.192835 -16.336717 -16.480975 -16.625466 -16.770099
-14.939350 -15.009838 -15.122685 -15.265259 -15.422440 -15.580716 -15.732701 -15.877928 -16.019461 -16.160231 -16.301677 -16.444106 -16.587365 -16.731210 -16.875437
-14.864191 -14.895353 -14.973558 -15.089400 -15.230471 -15.383622 -15.538145 -15.688362 -15.833661 -15.976036 -16.117568 -16.259423 -16.401977 -16.545210 -16.688978
-14.215269 -14.364634 -14.506133 -14.645463 -14.785613 -14.927186 -15.069924 -15.213456 -15.357496 -15.501852 -15.646402 -15.791072 -15.935815 -16.080602 -16.225416
-14.408160 -14.568323 -14.735870 -14.895647 -15.044115 -15.185313 -15.324672 -15.464955 -15.606665 -15.749510 -15.893118 -16.037207 -16.181594 -16.326163 -16.470845
-13.950665 -14.033109 -14.163749 -14.320942 -14.484455 -14.641782 -14.789767 -14.931653 -15.071757 -15.212438 -15.354290 -15.497164 -15.640764 -15.784841 -15.929217
-14.862587 -15.014461 -15.157241 -15.296651 -15.436450 -15.577732 -15.720302 -15.863739 -16.007724 -16.152046 -16.296576 -16.441234 -16.585969 -16.730752 -16.875563
-14.132768 -14.295920 -14.454521 -14.603813 -14.746322 -14.886459 -15.026969 -15.168671 -15.311459 -15.455016 -15.599070 -15.743435 -15.887990 -16.032663 -16.177408
-14.073119 -14.215292 -14.358472 -14.502297 -14.646522 -14.790992 -14.935613 -15.080326 -15.225095 -15.369898 -15.514722 -15.659559 -15.804404 -15.949254 -16.094106
-14.254237 -14.395785 -14.560372 -14.725890 -14.881383 -15.026611 -15.166725 -15.306296 -15.447120 -15.589301 -15.732473 -15.876290 -16.020510 -16.164977 -16.309595
-13.739385 -13.879119 -14.020465 -14.163104 -14.306593 -14.450612 -14.594957 -14.739501 -14.884167 -15.028907 -15.173693 -15.318506 -15.463337 -15.608178 -15.753025
-15.064274 -15.016513 -15.026923 -15.092551 -15.204245 -15.347525 -15.505552 -15.664229 -15.816285 -15.961422 -16.102857 -16.243576 -16.384995 -16.527402 -16.670642
-14.088765 -14.241170 -14.407308 -14.569346 -14.720600 -14.863400 -15.003070 -15.143083 -15.284458 -15.427055 -15.570501 -15.714490 -15.858815 -16.003347 -16.148005
-14.627114 -14.782664 -14.928809 -15.069734 -15.209653 -15.350515 -15.492633 -15.635737 -15.779503 -15.923689 -16.068136 -16.212741 -16.357445 -16.502208 -16.647008
-14.519296 -14.671619 -14.828173 -14.981134 -15.128258 -15.271220 -15.412615 -15.554090 -15.696260 -15.839195 -15.982760 -16.126784 -16.271117 -16.415649 -16.560307
-14.337284 -14.499990 -14.659246 -14.809370 -14.952356 -15.092588 -15.233021 -15.374625 -15.517340 -15.660851 -15.804877 -15.949225 -16.093770 -16.238437 -16.383177
-13.975127 -14.123776 -14.290328 -14.454615 -14.608075 -14.751876 -14.891597 -15.031329 -15.172405 -15.314773 -15.458065 -15.601955 -15.746218 -15.890712 -16.035347
-14.970828 -15.117612 -15.279582 -15.440424 -15.592704 -15.737068 -15.877717 -16.018025 -16.159323 -16.301739 -16.445022 -16.588894 -16.733143 -16.877626 -17.022255
-14.818600 -14.967909 -15.110355 -15.250480 -15.390985 -15.532637 -15.675352 -15.818846 -15.962856 -16.107191 -16.251729 -16.396391 -16.541129 -16.685913 -16.830726
-14.182288 -14.347664 -14.504985 -14.651985 -14.792939 -14.932576 -15.073189 -15.215159 -15.358184 -15.501907 -15.646069 -15.790500 -15.935097 -16.079796 -16.224556
-14.766583 -14.862282 -14.987849 -15.132506 -15.286160 -15.440077 -15.589463 -15.734132 -15.876166 -16.017585 -16.159493 -16.302198 -16.445613 -16.589549 -16.733831
-16.647935 -16.490079 -16.330861 -16.211467 -16.156016 -16.170761 -16.248131 -16.370518 -16.517758 -16.674001 -16.828959 -16.978211 -17.122559 -17.264544 -17.406010
-13.845927 -13.910783 -14.037638 -14.199765 -14.369194 -14.529666 -14.677892 -14.818567 -14.957573 -15.097737 -15.239451 -15.382331 -15.525969 -15.670080 -15.814480
-14.774616 -14.945452 -15.104230 -15.249985 -15.389135 -15.527829 -15.668195 -15.810168 -15.953243 -16.097007 -16.241197 -16.385646 -16.530254 -16.674958 -16.819723
-15.115010 -15.099818 -15.138935 -15.226814 -15.352767 -15.502285 -15.660446 -15.816304 -15.965465 -16.109071 -16.250238 -16.391271 -16.533106 -16.675856 -16.819337
-15.220458 -15.209751 -15.269683 -15.387489 -15.540967 -15.706598 -15.867884 -16.018635 -16.161316 -16.301089 -16.441219 -16.582658 -16.725281 -16.868737 -17.012729
-14.874059 -14.920643 -15.019669 -15.154797 -15.308024 -15.465189 -15.618267 -15.765217 -15.907985 -16.049285 -16.190741 -16.332919 -16.475865 -16.619440 -16.763472
-13.899540 -14.045566 -14.186460 -14.326390 -14.467278 -14.609421 -14.752546 -14.896327 -15.040522 -15.184974 -15.329584 -15.474289 -15.619054 -15.763855 -15.908677
-13.692990 -13.839367 -13.981938 -14.123244 -14.264792 -14.407092 -14.550151 -14.693813 -14.837904 -14.982280 -15.126840 -15.271515 -15.416260 -15.561049 -15.705864
-14.691757 -14.837032 -14.979275 -15.120712 -15.262500 -15.404982 -15.548145 -15.691862 -15.835980 -15.980371 -16.124940 -16.269620 -16.414369 -16.559160 -16.703977
-14.076704 -14.205855 -14.364239 -14.529518 -14.687934 -14.836136 -14.977714 -15.117473 -15.257966 -15.399756 -15.542627 -15.686241 -15.830332 -15.974719 -16.119289
-14.411668 -14.540371 -14.695399 -14.858347 -15.016005 -15.164445 -15.306566 -15.446675 -15.587300 -15.729132 -15.872022 -16.015649 -16.159748 -16.304140 -16.448713
-15.575676 -15.736139 -15.888832 -16.033870 -16.174968 -16.315455 -16.456756 -16.599089 -16.742272 -16.886063 -17.030255 -17.174701 -17.319307 -17.464010 -17.608773
-16.087902 -15.931995 -15.831455 -15.807217 -15.859765 -15.971668 -16.115935 -16.271556 -16.427423 -16.578031 -16.723110 -16.865255 -17.006693 -17.148478 -17.290922
-14.697898 -14.827206 -14.974524 -15.127831 -15.279685 -15.427265 -15.571193 -15.713382 -15.855272 -15.997531 -16.140378 -16.283808 -16.427710 -16.571955 -16.716430
-13.971363 -14.129691 -14.284805 -14.433195 -14.576557 -14.717876 -14.859128 -15.001079 -15.143825 -15.287231 -15.431126 -15.575365 -15.719832 -15.864447 -16.009155
-13.677704 -13.843930 -14.010649 -14.166786 -14.312035 -14.451904 -14.591292 -14.732021 -14.874147 -15.017287 -15.161083 -15.305290 -15.449749 -15.594363 -15.739072
-15.272303 -15.402065 -15.557368 -15.719465 -15.876425 -16.024740 -16.167096 -16.307485 -16.448251 -16.590087 -16.732917 -16.876479 -17.020528 -17.164887 -17.309439
-13.932369 -14.096763 -14.254081 -14.401573 -14.543007 -14.682907 -14.823561 -14.965456 -15.108385 -15.252029 -15.396135 -15.540531 -15.685105 -15.829790 -15.974541
-14.413481 -14.576825 -14.729526 -14.873113 -15.012888 -15.152718 -15.293920 -15.436417 -15.579811 -15.723770 -15.868078 -16.012600 -16.157252 -16.301984 -16.446764
-13.934146 -14.091227 -14.256951 -14.416572 -14.565776 -14.707759 -14.847520 -14.987875 -15.129514 -15.272264 -15.415794 -15.559830 -15.704182 -15.848730 -15.993398
-14.343131 -14.453489 -14.599056 -14.760607 -14.921703 -15.074268 -15.218735 -15.359354 -15.499595 -15.640865 -15.783291 -15.926597 -16.070490 -16.214754 -16.359247
-14.534231 -14.674711 -14.814438 -14.955294 -15.097473 -15.240641 -15.384456 -15.528674 -15.673140 -15.817759 -15.962470 -16.107238 -16.252041 -16.396864 -16.541701
-14.513488 -14.668423 -14.831404 -14.989466 -15.138543 -15.281120 -15.421380 -15.561951 -15.703644 -15.846393 -15.989916 -16.133950 -16.278302 -16.422850 -16.567519
-14.702328 -14.801382 -14.941302 -15.101881 -15.264651 -15.419432 -15.565251 -15.706188 -15.846233 -15.987205 -16.129389 -16.272530 -16.416317 -16.560516 -16.704970
-15.829240 -15.903699 -16.032818 -16.192302 -16.358564 -16.517566 -16.665790 -16.807110 -16.946661 -17.087056 -17.228818 -17.371691 -17.515314 -17.659413 -17.803806
-14.991948 -15.146931 -15.297386 -15.442720 -15.585052 -15.726527 -15.868309 -16.010793 -16.153980 -16.297729 -16.441877 -16.586292 -16.730877 -16.875567 -17.020322
-14.578243 -14.592469 -14.666017 -14.785168 -14.931876 -15.089062 -15.245091 -15.395052 -15.539444 -15.681071 -15.822247 -15.964013 -16.106593 -16.249888 -16.393723
-14.354808 -14.497953 -14.639412 -14.780890 -14.923026 -15.065894 -15.209383 -15.353339 -15.497621 -15.642119 -15.786754 -15.931475 -16.076249 -16.221056 -16.365882
-14.905890 -15.046915 -15.189083 -15.332195 -15.475960 -15.620144 -15.764588 -15.909192 -16.053895 -16.198658 -16.343457 -16.488279 -16.633115 -16.777959 -16.922808
-15.191968 -15.161811 -15.204363 -15.310002 -15.458270 -15.624057 -15.787769 -15.940917 -16.084728 -16.224557 -16.364367 -16.505490 -16.647891 -16.791206 -16.935110
-14.367255 -14.509869 -14.653249 -14.797165 -14.941434 -15.085928 -15.230563 -15.375284 -15.520058 -15.664864 -15.809690 -15.954528 -16.099374 -16.244224 -16.389077
-14.507333 -14.625427 -14.777385 -14.942272 -15.103243 -15.253933 -15.396700 -15.536529 -15.676690 -15.818172 -15.960844 -16.104341 -16.248362 -16.392707 -16.537252
-13.329367 -13.494609 -13.656307 -13.807589 -13.950579 -14.090389 -14.230455 -14.371842 -14.514442 -14.657891 -14.801881 -14.946207 -15.090740 -15.235399 -15.380135
-14.215039 -14.274662 -14.380608 -14.520010 -14.676870 -14.836402 -14.989822 -15.135832 -15.277510 -15.418124 -15.559362 -15.701629 -15.844779 -15.988554 -16.132740
-14.583133 -14.674726 -14.809781 -14.967124 -15.128643 -15.284065 -15.431189 -15.573080 -15.713507 -15.854471 -15.996486 -16.139439 -16.283078 -16.427174 -16.571561
-14.381069 -14.526831 -14.666850 -14.806172 -14.946808 -15.088873 -15.231977 -15.375754 -15.519949 -15.664401 -15.809010 -15.953716 -16.098481 -16.243282 -16.388105
-14.647290 -14.797793 -14.952052 -15.103526 -15.250246 -15.393483 -15.535259 -15.676979 -15.819283 -15.962303 -16.105933 -16.250007 -16.394377 -16.538934 -16.683608
-15.019648 -15.163189 -15.303781 -15.444324 -15.585859 -15.728441 -15.871829 -16.015764 -16.160051 -16.304559 -16.449202 -16.593928 -16.738705 -16.883514 -17.028341
-14.895986 -14.905059 -14.986577 -15.123615 -15.288882 -15.456850 -15.614443 -15.760530 -15.900523 -16.039712 -16.180245 -16.322255 -16.465333 -16.609095 -16.753282
-14.243555 -14.404226 -14.553142 -14.694378 -14.833580 -14.973731 -15.115383 -15.258210 -15.401813 -15.545902 -15.690288 -15.834858 -15.979540 -16.124290 -16.269081
-16.045968 -16.011117 -16.041945 -16.125606 -16.245904 -16.388623 -16.541666 -16.696102 -16.847186 -16.993361 -17.135832 -17.277063 -17.418610 -17.560988 -17.704199
-15.278359 -15.228323 -15.240385 -15.312634 -15.435303 -15.590571 -15.756644 -15.917030 -16.066559 -16.208514 -16.348076 -16.488288 -16.629910 -16.772706 -16.916290
-14.784813 -14.924650 -15.072972 -15.223195 -15.371580 -15.517248 -15.660827 -15.803288 -15.945534 -16.088150 -16.231336 -16.375054 -16.519181 -16.663585 -16.808163
-14.369889 -14.530327 -14.679350 -14.820827 -14.960225 -15.100432 -15.242061 -15.384852 -15.528426 -15.672494 -15.816868 -15.961430 -16.106107 -16.250854 -16.395644
-15.112396 -15.274635 -15.436453 -15.589828 -15.734751 -15.875497 -16.015723 -16.156893 -16.299184 -16.442366 -16.586166 -16.730368 -16.874821 -17.019431 -17.164137
-14.724030 -14.865773 -15.006233 -15.147311 -15.289478 -15.432578 -15.576332 -15.720508 -15.864948 -16.009549 -16.154250 -16.299012 -16.443811 -16.588632 -16.733468
-15.010663 -15.164984 -15.309632 -15.449708 -15.589442 -15.730425 -15.872715 -16.015958 -16.159818 -16.304064 -16.448547 -16.593176 -16.737893 -16.882665 -17.027470
-14.500424 -14.660790 -14.816422 -14.964304 -15.106804 -15.247488 -15.388473 -15.530418 -15.673294 -15.816874 -15.960930 -16.105292 -16.249845 -16.394516 -16.539260
-14.293341 -14.427921 -14.583332 -14.743747 -14.898787 -15.045953 -15.188015 -15.328541 -15.469560 -15.611635 -15.754653 -15.898348 -16.042484 -16.186898 -16.331483
-13.762719 -13.921100 -14.069550 -14.211382 -14.351252 -14.491760 -14.633542 -14.776408 -14.920021 -15.064111 -15.208498 -15.353068 -15.497749 -15.642499 -15.787290
-15.305821 -15.462200 -15.611693 -15.755448 -15.896651 -16.037664 -16.179443 -16.322119 -16.465525 -16.609453 -16.753728 -16.898224 -17.042860 -17.187581 -17.332356
-14.936186 -15.089417 -15.232930 -15.372473 -15.512159 -15.653264 -15.795676 -15.938999 -16.082908 -16.227182 -16.371682 -16.516320 -16.661044 -16.805819 -16.950627
-14.240738 -14.387901 -14.529330 -14.669335 -14.810087 -14.952045 -15.095012 -15.238681 -15.382804 -15.527210 -15.671791 -15.816480 -15.961234 -16.106028 -16.250847
-13.439172 -13.600524 -13.748265 -13.887933 -14.026354 -14.166373 -14.308102 -14.451020 -14.594689 -14.738819 -14.883232 -15.027818 -15.172509 -15.317265 -15.462060
-14.196495 -14.357252 -14.525963 -14.686389 -14.834915 -14.975890 -15.115031 -15.255211 -15.396899 -15.539752 -15.683371 -15.827469 -15.971862 -16.116435 -16.261119
-13.503316 -13.665019 -13.815116 -13.956989 -14.096293 -14.236318 -14.377823 -14.520545 -14.664081 -14.808127 -14.952489 -15.097043 -15.241714 -15.386459 -15.531247
-14.033596 -14.195996 -14.348834 -14.492963 -14.633167 -14.773174 -14.914376 -15.056810 -15.200143 -15.344058 -15.488338 -15.632842 -15.777484 -15.922209 -16.066986
-14.595999 -14.661305 -14.781171 -14.934926 -15.099870 -15.260188 -15.410435 -15.553073 -15.692988 -15.833261 -15.974788 -16.117455 -16.260931 -16.404935 -16.549267
-14.516612 -14.689677 -14.854442 -15.005482 -15.146667 -15.285095 -15.424661 -15.565985 -15.708631 -15.852130 -15.996156 -16.140505 -16.285051 -16.429719 -16.574460
-14.399136 -14.563549 -14.722735 -14.872112 -15.014447 -15.154423 -15.294848 -15.436500 -15.579250 -15.722778 -15.866813 -16.011165 -16.155713 -16.300381 -16.445123
-14.986119 -14.859857 -14.801684 -14.821194 -14.912801 -15.056555 -15.223566 -15.390071 -15.545581 -15.690325 -15.830000 -15.969399 -16.110202 -16.252401 -16.395594
-14.415375 -14.496097 -14.637744 -14.806293 -14.974729 -15.131717 -15.276908 -15.416365 -15.555470 -15.696078 -15.838160 -15.981280 -16.125067 -16.269269 -16.413725
-15.727249 -15.653441 -15.652332 -15.720883 -15.843135 -15.995659 -16.157689 -16.316276 -16.466268 -16.609461 -16.750024 -16.890639 -17.032235 -17.174856 -17.318267
-14.621092 -14.768573 -14.912437 -15.054529 -15.196332 -15.338587 -15.481504 -15.625028 -15.769015 -15.913323 -16.057839 -16.202487 -16.347216 -16.491995 -16.636805
-17.812918 -17.697381 -17.546596 -17.386402 -17.259176 -17.188215 -17.174838 -17.211231 -17.293484 -17.417567 -17.569026 -17.729542 -17.886975 -18.036482 -18.179595
-14.938779 -15.078749 -15.220207 -15.362892 -15.506403 -15.650433 -15.794785 -15.939333 -16.084001 -16.228743 -16.373530 -16.518344 -16.663175 -16.808016 -16.952863
-14.249070 -14.387287 -14.546411 -14.708478 -14.863358 -15.009642 -15.150981 -15.291210 -15.432201 -15.574331 -15.717406 -15.861140 -16.005302 -16.149732 -16.294327
-13.962695 -14.119465 -14.264697 -14.404291 -14.543461 -14.684095 -14.826198 -14.969337 -15.113138 -15.257348 -15.401810 -15.546425 -15.691135 -15.835902 -15.980704
-14.293707 -14.358055 -14.463740 -14.597853 -14.746916 -14.900148 -15.051142 -15.197890 -15.341400 -15.483491 -15.625426 -15.767787 -15.910753 -16.054289 -16.198273
-16.076396 -16.001073 -15.995116 -16.054230 -16.163293 -16.303014 -16.457385 -16.614424 -16.766674 -16.912836 -17.055194 -17.196348 -17.337815 -17.480093 -17.623165
-13.590010 -13.756898 -13.912527 -14.057262 -14.196864 -14.336194 -14.476979 -14.619188 -14.762396 -14.906240 -15.050477 -15.194955 -15.339580 -15.484296 -15.629067
-14.677926 -14.795328 -14.936977 -15.088459 -15.240528 -15.389163 -15.534072 -15.676756 -15.818782 -15.961015 -16.103723 -16.246935 -16.390611 -16.534665 -16.678999
-15.991847 -15.889971 -15.854089 -15.888129 -15.984026 -16.123370 -16.283522 -16.446225 -16.601442 -16.747651 -16.888793 -17.028890 -17.169811 -17.311912 -17.454980
-14.148196 -14.301092 -14.464159 -14.623089 -14.772742 -14.915440 -15.055610 -15.196081 -15.337732 -15.480479 -15.624008 -15.768044 -15.912397 -16.056946 -16.201615
-15.694979 -15.654472 -15.670840 -15.740170 -15.852530 -15.993267 -16.146538 -16.300493 -16.450023 -16.595091 -16.737622 -16.879432 -17.021482 -17.164078 -17.307247
-14.616723 -14.767246 -14.934459 -15.098231 -15.250580 -15.393641 -15.533100 -15.672855 -15.814071 -15.956590 -16.099998 -16.243966 -16.388280 -16.532804 -16.677458
-14.045109 -14.214859 -14.377200 -14.527128 -14.668513 -14.807502 -14.947426 -15.088919 -15.231647 -15.375189 -15.519239 -15.663603 -15.808159 -15.952832 -16.097577
-14.751741 -14.901168 -15.055918 -15.208122 -15.355327 -15.498709 -15.640466 -15.782151 -15.924413 -16.067366 -16.210911 -16.354901 -16.499203 -16.643712 -16.788354
-15.041496 -15.010738 -15.045439 -15.139112 -15.276734 -15.437339 -15.601184 -15.756993 -15.903295 -16.044253 -16.184145 -16.324971 -16.467057 -16.610140 -16.753892
-14.381823 -14.383038 -14.446106 -14.559242 -14.704643 -14.863553 -15.022007 -15.173516 -15.318266 -15.459590 -15.600354 -15.741837 -15.884278 -16.027526 -16.171354
-14.478868 -14.637047 -14.785180 -14.926792 -15.066619 -15.207148 -15.348949 -15.491822 -15.635438 -15.779530 -15.923918 -16.068488 -16.213169 -16.357919 -16.502711
-14.173694 -14.333166 -14.488433 -14.636319 -14.778968 -14.919749 -15.060783 -15.202774 -15.345697 -15.489316 -15.633401 -15.777783 -15.922348 -16.067027 -16.211775
-14.126403 -14.280980 -14.449304 -14.612559 -14.764098 -14.906561 -15.045879 -15.185717 -15.327017 -15.469576 -15.612999 -15.756974 -15.901290 -16.045816 -16.190471
-15.231725 -15.322074 -15.452110 -15.602613 -15.759444 -15.913609 -16.061901 -16.205641 -16.347278 -16.488616 -16.630537 -16.773258 -16.916683 -17.060628 -17.204920
-15.301585 -15.270220 -15.306212 -15.398255 -15.528839 -15.679398 -15.835297 -15.988197 -16.135660 -16.279037 -16.420706 -16.562296 -16.704464 -16.847319 -16.990774
-14.929346 -14.967025 -15.056281 -15.185472 -15.338598 -15.499172 -15.655545 -15.803953 -15.946620 -16.087231 -16.228101 -16.369987 -16.512848 -16.656430 -16.800492
-14.604562 -14.722719 -14.874177 -15.037642 -15.197809 -15.348601 -15.491833 -15.632068 -15.772401 -15.913870 -16.056462 -16.199881 -16.343845 -16.488154 -16.632676
-14.262996 -14.295840 -14.399198 -14.549886 -14.718520 -14.883563 -15.036769 -15.179987 -15.319281 -15.458865 -15.599951 -15.742372 -15.885713 -16.029637 -16.173923
-13.973384 -14.027236 -14.136881 -14.285150 -14.449881 -14.612560 -14.765069 -14.908767 -15.048722 -15.188669 -15.329896 -15.472372 -15.615737 -15.759675 -15.903969
-14.316617 -14.457289 -14.613259 -14.771141 -14.923427 -15.069161 -15.211053 -15.351961 -15.493395 -15.635751 -15.778930 -15.922712 -16.066897 -16.211338 -16.355940
-14.607286 -14.754180 -14.919379 -15.083199 -15.237073 -15.381443 -15.521492 -15.661317 -15.802357 -15.944658 -16.087893 -16.231743 -16.375982 -16.520461 -16.665086
-13.801388 -13.965000 -14.116878 -14.259564 -14.398883 -14.538653 -14.679924 -14.822488 -14.965926 -15.109912 -15.254237 -15.398768 -15.543426 -15.688162 -15.832945
-13.823656 -13.855061 -13.963704 -14.121548 -14.293544 -14.458412 -14.610048 -14.751729 -14.890362 -15.029927 -15.171186 -15.313772 -15.457228 -15.601226 -15.745558
-14.377748 -14.519514 -14.659275 -14.799713 -14.941462 -15.084313 -15.227917 -15.372003 -15.516388 -15.660956 -15.805636 -15.950386 -16.095177 -16.239994 -16.384826
-13.933798 -14.077354 -14.217944 -14.358481 -14.500057 -14.642717 -14.786182 -14.930177 -15.074504 -15.219038 -15.363697 -15.508433 -15.653216 -15.798028 -15.942858
-14.340977 -14.355020 -14.436429 -14.569376 -14.730173 -14.896152 -15.054021 -15.201297 -15.342275 -15.481857 -15.622398 -15.764295 -15.907262 -16.050944 -16.195078
-13.977815 -14.122740 -14.263321 -14.403371 -14.544483 -14.686818 -14.830077 -14.973945 -15.118195 -15.262681 -15.407310 -15.552029 -15.696801 -15.841607 -15.986432
-16.555979 -16.443888 -16.387249 -16.392008 -16.454935 -16.565452 -16.707846 -16.865169 -17.023685 -17.176050 -17.321617 -17.463324 -17.604098 -17.745453 -17.887778
-14.759953 -14.865979 -15.006012 -15.163377 -15.322983 -15.476257 -15.622140 -15.763767 -15.904381 -16.045632 -16.187906 -16.331058 -16.474836 -16.619023 -16.763468
-15.438449 -15.440793 -15.500298 -15.607878 -15.748671 -15.905545 -16.064280 -16.217075 -16.362898 -16.504670 -16.645446 -16.786784 -16.929079 -17.072223 -17.215986
-15.077985 -15.058501 -15.115127 -15.235050 -15.393228 -15.561940 -15.723669 -15.873525 -16.015124 -16.154312 -16.294330 -16.435845 -16.578570 -16.722104 -16.866149
-14.201385 -14.342127 -14.508738 -14.676181 -14.832789 -14.978151 -15.117924 -15.257194 -15.397857 -15.539956 -15.683085 -15.826877 -15.971081 -16.115539 -16.260152
-14.528276 -14.689395 -14.843330 -14.989092 -15.130318 -15.270626 -15.411743 -15.553992 -15.697161 -15.840963 -15.985169 -16.129627 -16.274240 -16.418948 -16.563714
-14.140491 -14.287856 -14.449361 -14.609505 -14.761260 -14.905411 -15.046071 -15.186459 -15.327842 -15.470330 -15.613665 -15.757573 -15.901844 -16.046342 -16.190980
-15.420293 -15.354646 -15.368144 -15.455284 -15.594345 -15.756191 -15.919821 -16.075587 -16.221907 -16.362940 -16.502971 -16.643850 -16.785888 -16.928884 -17.072559
-14.135524 -14.276263 -14.416600 -14.557915 -14.700357 -14.843668 -14.987561 -15.131825 -15.276319 -15.420954 -15.565675 -15.710449 -15.855256 -16.000082 -16.144920
-15.694881 -15.805016 -15.935835 -16.079379 -16.228546 -16.378109 -16.525506 -16.670343 -16.813354 -16.955616 -17.097985 -17.240870 -17.384334 -17.528279 -17.672564
-14.161892 -14.307739 -14.471203 -14.633892 -14.787298 -14.931844 -15.072238 -15.212273 -15.353401 -15.495726 -15.638959 -15.782802 -15.927034 -16.071507 -16.216130
-14.731592 -14.828012 -14.960380 -15.111182 -15.266807 -15.419407 -15.566656 -15.709934 -15.851589 -15.993201 -16.135403 -16.278297 -16.421794 -16.565751 -16.710031
-14.910891 -15.065022 -15.216837 -15.363936 -15.507366 -15.649186 -15.790905 -15.933194 -16.076179 -16.219763 -16.363790 -16.508121 -16.652650 -16.797305 -16.942039
-14.820425 -14.943825 -15.098178 -15.261705 -15.420519 -15.570057 -15.712728 -15.852957 -15.993481 -16.135122 -16.277817 -16.421291 -16.565283 -16.709606 -16.854136
-15.192054 -15.355328 -15.510918 -15.657224 -15.798287 -15.938319 -16.079216 -16.221304 -16.364358 -16.508079 -16.652230 -16.796652 -16.941243 -17.085937 -17.230695
-14.422760 -14.415360 -14.478768 -14.600600 -14.758141 -14.925945 -15.087016 -15.236556 -15.378199 -15.517520 -15.657630 -15.799205 -15.941968 -16.085528 -16.229589
-14.281688 -14.391089 -14.537128 -14.699920 -14.861964 -15.014763 -15.159000 -15.299314 -15.439376 -15.580592 -15.723030 -15.866363 -16.010279 -16.154559 -16.299063
-14.656390 -14.805031 -14.966320 -15.125753 -15.276789 -15.420586 -15.561222 -15.701704 -15.843190 -15.985756 -16.129143 -16.273081 -16.417372 -16.561881 -16.706525
-14.746101 -14.838621 -14.981529 -15.145875 -15.310551 -15.465887 -15.611244 -15.751582 -15.891332 -16.032199 -16.174339 -16.317454 -16.461225 -16.605413 -16.749860
-14.735640 -14.731839 -14.784389 -14.886774 -15.026187 -15.185133 -15.346728 -15.501064 -15.646974 -15.788172 -15.928401 -16.069462 -16.211686 -16.354847 -16.498646
-14.707161 -14.863377 -15.010687 -15.152383 -15.292534 -15.433348 -15.575354 -15.718365 -15.862069 -16.006216 -16.150638 -16.295229 -16.439923 -16.584681 -16.729478
-14.251251 -14.404490 -14.548237 -14.688018 -14.827820 -14.968930 -15.111306 -15.254594 -15.398479 -15.542738 -15.687228 -15.831861 -15.976582 -16.121355 -16.266161
-14.752255 -14.896514 -15.052876 -15.209363 -15.360179 -15.505157 -15.646977 -15.788112 -15.929767 -16.072254 -16.215495 -16.359303 -16.503498 -16.647945 -16.792551
-14.806751 -14.959197 -15.102597 -15.242318 -15.382168 -15.523391 -15.665898 -15.809297 -15.953260 -16.097570 -16.242093 -16.386745 -16.531478 -16.676259 -16.821069
-14.512901 -14.609508 -14.754067 -14.920171 -15.085810 -15.240547 -15.384957 -15.524725 -15.664291 -15.805221 -15.947500 -16.090735 -16.234586 -16.378824 -16.523301
-15.004155 -15.159015 -15.305582 -15.447252 -15.587580 -15.728553 -15.870657 -16.013720 -16.157451 -16.301613 -16.446044 -16.590640 -16.735338 -16.880097 -17.024895
-14.934214 -15.075248 -15.215038 -15.355767 -15.497814 -15.640892 -15.784651 -15.928835 -16.073281 -16.217886 -16.362590 -16.507353 -16.652153 -16.796975 -16.941810
-14.052502 -14.175181 -14.325005 -14.484620 -14.641681 -14.791298 -14.934860 -15.075855 -15.216744 -15.358478 -15.501150 -15.644566 -15.788505 -15.932786 -16.077287
-13.432721 -13.546802 -13.703243 -13.872741 -14.035973 -14.186943 -14.328894 -14.467968 -14.607781 -14.749144 -14.891772 -15.035248 -15.179257 -15.323596 -15.468136
-14.559476 -14.716008 -14.878025 -15.034643 -15.182668 -15.324887 -15.465313 -15.606147 -15.748011 -15.890843 -16.034398 -16.178438 -16.322791 -16.467339 -16.612007
-14.661057 -14.767947 -14.915406 -15.078712 -15.240575 -15.393286 -15.537579 -15.678057 -15.818251 -15.959481 -16.101845 -16.245085 -16.388923 -16.533149 -16.677617
-14.949668 -15.098935 -15.241382 -15.381465 -15.521954 -15.663664 -15.806473 -15.950050 -16.094119 -16.238493 -16.383055 -16.527731 -16.672478 -16.817268 -16.962084
-13.622573 -13.774686 -13.919242 -14.060110 -14.200534 -14.341896 -14.484365 -14.627692 -14.771596 -14.915867 -15.060364 -15.205001 -15.349724 -15.494499 -15.639306
-15.815808 -15.717157 -15.684842 -15.719934 -15.812319 -15.944069 -16.095728 -16.252680 -16.406495 -16.554264 -16.697496 -16.838947 -16.980367 -17.122425 -17.265243
-15.103423 -15.201852 -15.342641 -15.503759 -15.666574 -15.821293 -15.967034 -16.107936 -16.247986 -16.388961 -16.531134 -16.674261 -16.818037 -16.962228 -17.106677
-13.749454 -13.908242 -14.071877 -14.228215 -14.375046 -14.516255 -14.656160 -14.796926 -14.938970 -15.082034 -15.225780 -15.369955 -15.514394 -15.658996 -15.803697
-14.764400 -14.924502 -15.072921 -15.213955 -15.353178 -15.493405 -15.635118 -15.777985 -15.921612 -16.065716 -16.210111 -16.354687 -16.499372 -16.644124 -16.788916
-15.692624 -15.581120 -15.531209 -15.546563 -15.620018 -15.737431 -15.882239 -16.038762 -16.194991 -16.345399 -16.490155 -16.631918 -16.773082 -16.914797 -17.057331
-14.354536 -14.518573 -14.674493 -14.820731 -14.961578 -15.101382 -15.242192 -15.384317 -15.527451 -15.671245 -15.815451 -15.959910 -16.104523 -16.249232 -16.393998
-14.182222 -14.326519 -14.466902 -14.607008 -14.748203 -14.890573 -15.033835 -15.177695 -15.321936 -15.466415 -15.611041 -15.755757 -15.900527 -16.045332 -16.190157
-14.321933 -14.475713 -14.620698 -14.761286 -14.901318 -15.042414 -15.184743 -15.328000 -15.471868 -15.616118 -15.760604 -15.905234 -16.049952 -16.194725 -16.339530
-15.948604 -15.798003 -15.626489 -15.483442 -15.406800 -15.411240 -15.493283 -15.633498 -15.801238 -15.969555 -16.126527 -16.271898 -16.411480 -16.550609 -16.691214
-14.341506 -14.505336 -14.661707 -14.808508 -14.949681 -15.089572 -15.230330 -15.372363 -15.515414 -15.659149 -15.803318 -15.947753 -16.092352 -16.237052 -16.381813
-15.026127 -15.112450 -15.239395 -15.390901 -15.550623 -15.707003 -15.855903 -15.999039 -16.139888 -16.280802 -16.422634 -16.565418 -16.708934 -16.852948 -16.997283
-14.564070 -14.637908 -14.754808 -14.901473 -15.061495 -15.220623 -15.371957 -15.516126 -15.656941 -15.797458 -15.938935 -16.081497 -16.224890 -16.368837 -16.513135
-13.289143 -13.435566 -13.594274 -13.752212 -13.903070 -14.047345 -14.188455 -14.329194 -14.470769 -14.613353 -14.756736 -14.900668 -15.044953 -15.189459 -15.334101
-14.246901 -14.327427 -14.446400 -14.590832 -14.746652 -14.902522 -15.052845 -15.197604 -15.339393 -15.480570 -15.622307 -15.764887 -15.908208 -16.052073 -16.196306
-14.801445 -14.833910 -14.937997 -15.091797 -15.262887 -15.427850 -15.580252 -15.722775 -15.861684 -16.001235 -16.142413 -16.284919 -16.428317 -16.572280 -16.716590
-13.814668 -13.963590 -14.112878 -14.260088 -14.405299 -14.548944 -14.691484 -14.833777 -14.976448 -15.119682 -15.263450 -15.407620 -15.552055 -15.696653 -15.841351
-13.572913 -13.728735 -13.899807 -14.064707 -14.216712 -14.358795 -14.497604 -14.637175 -14.778394 -14.920942 -15.064372 -15.208354 -15.352676 -15.497206 -15.641863
-13.640685 -13.795890 -13.963978 -14.126335 -14.277018 -14.419140 -14.558438 -14.698379 -14.839805 -14.982470 -15.125968 -15.269991 -15.414337 -15.558882 -15.703549
-14.586992 -14.714326 -14.866690 -15.027209 -15.183914 -15.332718 -15.475619 -15.616291 -15.757132 -15.898960 -16.041767 -16.185307 -16.329341 -16.473690 -16.618235
-14.201957 -14.292645 -14.435370 -14.600760 -14.766419 -14.922030 -15.067248 -15.207349 -15.346938 -15.487753 -15.629893 -15.773021 -15.916803 -16.060999 -16.205451
-14.799958 -14.692625 -14.655673 -14.695101 -14.802806 -14.956334 -15.126068 -15.290631 -15.442807 -15.585283 -15.724323 -15.863948 -16.005161 -16.147698 -16.291120
-16.050596 -15.894081 -15.727065 -15.596857 -15.533917 -15.547562 -15.631160 -15.765372 -15.924769 -16.088387 -16.245019 -16.392320 -16.533859 -16.673942 -16.814714
-14.424944 -14.566187 -14.708701 -14.852096 -14.996052 -15.140358 -15.284878 -15.429529 -15.574260 -15.719041 -15.863851 -16.008679 -16.153519 -16.298366 -16.443216
-14.165566 -14.293861 -14.440748 -14.594272 -14.746650 -14.894647 -15.038729 -15.180856 -15.322622 -15.464796 -15.607605 -15.751022 -15.894920 -16.039162 -16.183635
-13.967090 -14.108270 -14.266138 -14.425823 -14.578868 -14.724442 -14.865869 -15.006419 -15.147691 -15.290016 -15.433219 -15.577033 -15.721244 -15.865704 -16.010318
-13.915777 -13.945647 -14.034358 -14.168360 -14.327686 -14.492140 -14.649102 -14.796184 -14.937367 -15.077169 -15.217844 -15.359819 -15.502833 -15.646546 -15.790700
-14.438274 -14.533013 -14.682353 -14.852263 -15.018556 -15.172982 -15.316621 -15.455774 -15.595156 -15.736088 -15.878404 -16.021678 -16.165562 -16.309824 -16.454317
-15.488344 -15.647145 -15.804542 -15.954902 -16.098979 -16.240111 -16.380942 -16.522589 -16.665205 -16.808598 -16.952530 -17.096813 -17.241317 -17.385958 -17.530683
-14.586790 -14.662180 -14.780637 -14.927687 -15.086874 -15.244930 -15.395736 -15.539930 -15.680990 -15.821714 -15.963284 -16.105860 -16.249236 -16.393162 -16.537443
-14.640289 -14.790858 -14.937296 -15.080709 -15.222846 -15.364855 -15.507266 -15.650258 -15.793806 -15.937795 -16.082099 -16.226613 -16.371260 -16.515988 -16.660766
-14.639666 -14.803319 -14.966828 -15.120890 -15.265678 -15.406015 -15.545918 -15.686949 -15.829224 -15.972435 -16.116268 -16.260495 -16.404966 -16.549587 -16.694300
-14.803045 -14.708531 -14.667701 -14.683743 -14.753318 -14.867324 -15.011641 -15.169891 -15.328343 -15.480034 -15.624909 -15.766243 -15.906964 -16.048427 -16.190886
-14.784096 -14.841623 -14.951890 -15.097008 -15.257278 -15.417288 -15.569610 -15.714399 -15.855425 -15.995907 -16.137234 -16.279621 -16.422863 -16.566701 -16.710926
-14.181861 -14.311429 -14.465226 -14.626345 -14.782916 -14.931247 -15.073751 -15.214241 -15.355062 -15.496944 -15.639820 -15.783419 -15.927494 -16.071870 -16.216432
-15.397838 -15.481677 -15.618613 -15.781187 -15.945911 -16.101492 -16.247566 -16.388529 -16.528548 -16.669477 -16.811553 -16.954547 -17.098201 -17.242302 -17.386690
-14.755207 -14.830300 -14.948853 -15.095288 -15.253248 -15.410288 -15.560777 -15.705180 -15.846579 -15.987532 -16.129183 -16.271747 -16.415076 -16.558955 -16.703201
-14.809023 -14.953831 -15.095096 -15.235779 -15.377242 -15.519725 -15.663036 -15.806922 -15.951178 -16.095666 -16.240297 -16.385016 -16.529789 -16.674594 -16.819420
-16.101033 -16.250486 -16.413218 -16.573606 -16.725188 -16.869114 -17.009714 -17.150139 -17.291535 -17.433986 -17.577264 -17.721119 -17.865352 -18.009824 -18.154445
-14.721114 -14.700481 -14.749962 -14.859786 -15.010052 -15.176280 -15.339413 -15.491704 -15.634986 -15.774677 -15.914547 -16.055780 -16.198277 -16.341658 -16.485607
-14.358032 -14.499470 -14.641734 -14.784789 -14.928453 -15.072544 -15.216919 -15.361476 -15.506149 -15.650893 -15.795681 -15.940496 -16.085327 -16.230169 -16.375016
-14.335506 -14.461809 -14.616529 -14.780330 -14.938934 -15.087863 -15.230031 -15.369999 -15.510485 -15.652231 -15.795075 -15.938677 -16.082762 -16.227147 -16.371715
-13.760042 -13.926432 -14.089320 -14.241252 -14.384311 -14.523938 -14.663831 -14.805111 -14.947652 -15.091065 -15.235035 -15.379348 -15.523873 -15.668527 -15.813260
-14.993924 -15.039576 -15.147934 -15.298705 -15.466086 -15.629998 -15.782504 -15.925613 -16.065062 -16.204796 -16.345985 -16.488479 -16.631869 -16.775827 -16.920133
-14.042614 -14.109016 -14.234238 -14.393864 -14.561898 -14.722264 -14.871042 -15.012279 -15.151547 -15.291744 -15.433411 -15.576239 -15.719839 -15.863925 -16.008310
-13.755722 -13.890973 -14.056509 -14.225218 -14.383442 -14.529825 -14.669793 -14.808874 -14.949326 -15.091286 -15.234332 -15.378074 -15.522249 -15.666688 -15.811291
-14.819553 -14.881249 -14.988401 -15.125202 -15.276038 -15.429632 -15.580117 -15.726191 -15.869254 -16.011189 -16.153165 -16.295627 -16.438667 -16.582239 -16.726235
-14.504239 -14.669363 -14.825866 -14.972259 -15.112995 -15.252673 -15.393393 -15.535444 -15.678518 -15.822269 -15.966447 -16.110889 -16.255492 -16.400194 -16.544956
-16.288753 -16.154434 -16.066057 -16.036255 -16.067982 -16.156222 -16.288078 -16.444669 -16.607242 -16.763884 -16.911621 -17.053540 -17.193750 -17.334524 -17.476448
-14.549398 -14.715278 -14.880167 -15.034606 -15.179076 -15.318968 -15.458621 -15.599573 -15.741844 -15.885072 -16.028923 -16.173163 -16.317643 -16.462269 -16.606985
-14.638992 -14.767050 -14.922359 -15.086022 -15.244153 -15.392668 -15.534652 -15.674610 -15.815155 -15.956968 -16.099865 -16.243504 -16.387612 -16.532011 -16.676588
-14.781365 -14.909527 -15.071409 -15.240141 -15.399905 -15.547824 -15.688523 -15.827642 -15.967904 -16.109680 -16.252597 -16.396258 -16.540382 -16.684791 -16.829374
-14.485580 -14.514637 -14.600511 -14.729890 -14.884603 -15.046604 -15.203642 -15.352023 -15.494386 -15.634745 -15.775489 -15.917330 -16.060184 -16.203771 -16.347840
-13.955335 -13.966454 -14.036780 -14.155214 -14.304405 -14.465479 -14.624363 -14.775125 -14.918900 -15.059612 -15.200177 -15.341707 -15.484287 -15.627676 -15.771615
-16.229536 -16.245247 -16.320725 -16.440034 -16.582134 -16.731760 -16.882356 -17.030962 -17.176717 -17.320359 -17.462855 -17.605028 -17.747495 -17.890527 -18.034123
-13.755623 -13.902373 -14.044168 -14.184610 -14.325652 -14.467788 -14.610868 -14.754609 -14.898776 -15.043210 -15.187808 -15.332507 -15.477267 -15.622065 -15.766886
-14.466467 -14.522305 -14.634286 -14.782404 -14.944985 -15.105835 -15.257778 -15.401805 -15.542315 -15.682619 -15.823958 -15.966415 -16.109726 -16.253614 -16.397872
-13.856169 -13.951066 -14.104381 -14.278441 -14.446229 -14.599981 -14.742366 -14.880677 -15.019806 -15.160792 -15.303227 -15.446597 -15.590544 -15.734845 -15.879362
-13.651426 -13.790106 -13.930191 -14.071923 -14.214836 -14.358500 -14.502627 -14.647038 -14.791622 -14.936313 -15.081069 -15.225864 -15.370683 -15.515517 -15.660360
-14.653694 -14.653770 -14.733266 -14.874378 -15.044651 -15.214491 -15.371635 -15.516477 -15.655490 -15.794347 -15.934914 -16.077039 -16.220211 -16.364036 -16.508262
-14.107934 -14.275558 -14.439140 -14.591135 -14.733956 -14.873341 -15.013119 -15.154379 -15.296932 -15.440362 -15.584343 -15.728665 -15.873194 -16.017851 -16.162586
-13.923916 -14.074504 -14.231790 -14.386122 -14.534212 -14.677506 -14.818820 -14.960107 -15.102135 -15.244990 -15.388516 -15.532520 -15.676843 -15.821370 -15.966025
-14.983633 -15.140936 -15.303770 -15.460368 -15.607954 -15.749756 -15.889925 -16.030700 -16.172632 -16.315567 -16.459210 -16.603315 -16.747710 -16.892284 -17.036968
-14.834822 -14.996199 -15.158209 -15.311791 -15.456830 -15.597558 -15.737695 -15.878824 -16.021137 -16.164365 -16.308206 -16.452437 -16.596910 -16.741533 -16.886247
-13.972640 -14.131981 -14.286844 -14.434482 -14.577150 -14.718074 -14.859214 -15.001227 -15.144112 -15.287673 -15.431705 -15.576046 -15.720584 -15.865245 -16.009983
-13.749630 -13.908853 -14.056159 -14.196538 -14.335639 -14.475970 -14.617806 -14.760761 -14.904444 -15.048581 -15.192998 -15.337586 -15.482279 -15.627036 -15.771832
-15.509791 -15.615573 -15.732505 -15.857261 -15.992311 -16.135548 -16.283814 -16.433435 -16.580665 -16.724630 -16.866941 -17.009081 -17.151757 -17.295126 -17.439044
-14.339776 -14.503044 -14.654339 -14.796624 -14.935824 -15.075634 -15.216972 -15.359585 -15.503053 -15.647058 -15.791394 -15.935933 -16.080595 -16.225333 -16.370118
-13.653860 -13.760555 -13.911240 -14.079550 -14.244091 -14.396710 -14.539687 -14.678962 -14.818601 -14.959772 -15.102274 -15.245674 -15.389638 -15.533949 -15.678472
-14.101516 -14.239912 -14.401839 -14.566671 -14.722577 -14.868480 -15.009031 -15.148713 -15.289505 -15.431639 -15.574781 -15.718580 -15.862788 -16.007249 -16.151864
-14.573151 -14.561193 -14.608305 -14.707826 -14.846366 -15.005602 -15.167867 -15.322740 -15.468859 -15.610030 -15.750161 -15.891138 -16.033307 -16.176435 -16.320213
-14.878420 -15.019742 -15.160291 -15.301589 -15.443933 -15.587144 -15.730962 -15.875175 -16.019636 -16.164250 -16.308959 -16.453726 -16.598528 -16.743351 -16.888187
-15.805682 -15.926674 -16.047429 -16.173999 -16.310698 -16.455380 -16.603453 -16.751220 -16.896861 -17.040471 -17.183154 -17.325870 -17.469047 -17.612744 -17.756856
-13.743279 -13.894393 -14.037464 -14.177399 -14.317544 -14.458974 -14.601598 -14.745062 -14.889062 -15.033395 -15.177931 -15.322592 -15.467329 -15.612113 -15.756926
-14.020089 -14.190540 -14.357660 -14.512195 -14.655661 -14.794628 -14.933891 -15.074796 -15.217129 -15.360423 -15.504321 -15.648592 -15.793091 -15.937729 -16.082453
-16.919854 -16.754315 -16.587657 -16.471998 -16.435462 -16.478950 -16.576050 -16.689268 -16.806252 -16.934444 -17.075004 -17.222790 -17.372166 -17.519550 -17.664244
-16.475542 -16.392354 -16.371727 -16.414747 -16.511310 -16.640263 -16.778926 -16.917776 -17.058240 -17.201723 -17.347305 -17.493200 -17.637949 -17.781345 -17.924126
-14.340392 -14.504620 -14.658613 -14.803000 -14.942977 -15.082712 -15.223735 -15.366067 -15.509343 -15.653225 -15.797485 -15.941977 -16.086611 -16.231332 -16.376106
-15.468481 -15.596860 -15.758326 -15.926477 -16.086127 -16.234185 -16.375055 -16.514283 -16.654567 -16.796324 -16.939216 -17.082858 -17.226969 -17.371371 -17.515949
-13.827292 -13.984185 -14.130464 -14.270942 -14.410434 -14.551086 -14.693138 -14.836232 -14.980004 -15.124196 -15.268646 -15.413255 -15.557960 -15.702724 -15.847525
-14.217528 -14.372638 -14.538280 -14.698992 -14.849257 -14.991756 -15.131607 -15.271855 -15.413351 -15.555980 -15.699423 -15.843399 -15.987714 -16.132238 -16.276892
-15.168369 -15.037992 -14.965883 -14.962960 -15.027898 -15.148651 -15.304010 -15.470299 -15.631062 -15.781027 -15.923206 -16.062824 -16.203001 -16.344543 -16.487256
-14.073150 -14.178925 -14.325122 -14.488204 -14.650386 -14.803563 -14.948112 -15.088579 -15.228676 -15.369835 -15.512173 -15.655415 -15.799266 -15.943503 -16.087980
-15.220791 -15.054711 -14.889199 -14.773651 -14.736051 -14.783257 -14.903288 -15.066424 -15.238814 -15.401532 -15.550752 -15.691239 -15.829757 -15.969602 -16.111154
-14.737281 -14.880705 -15.022635 -15.164427 -15.306681 -15.449572 -15.593059 -15.737010 -15.881292 -16.025792 -16.170429 -16.315152 -16.459927 -16.604734 -16.749561
-14.151631 -14.312310 -14.475238 -14.629930 -14.775536 -14.916313 -15.056287 -15.197265 -15.339497 -15.482690 -15.626517 -15.770742 -15.915213 -16.059834 -16.204547
-15.234913 -15.304940 -15.433588 -15.595739 -15.764758 -15.924728 -16.072594 -16.213171 -16.352209 -16.492434 -16.634206 -16.777134 -16.920805 -17.064937 -17.209350
-14.570546 -14.650732 -14.785760 -14.949354 -15.116756 -15.274644 -15.421281 -15.561656 -15.700969 -15.841480 -15.983430 -16.126453 -16.270177 -16.414340 -16.558772
-15.416233 -15.363789 -15.373216 -15.439717 -15.550925 -15.690461 -15.843332 -15.998739 -16.150281 -16.296492 -16.439245 -16.580759 -16.722382 -16.864687 -17.007747
-15.069885 -14.987144 -14.959072 -14.987972 -15.070025 -15.195351 -15.348344 -15.510971 -15.669371 -15.818658 -15.961234 -16.101423 -16.241958 -16.383679 -16.526485
-14.339102 -14.385325 -14.488663 -14.633071 -14.796722 -14.960208 -15.114052 -15.258648 -15.398868 -15.538732 -15.679793 -15.822126 -15.965393 -16.109267 -16.253521
-13.816828 -13.956114 -14.096506 -14.238339 -14.381275 -14.524940 -14.669066 -14.813475 -14.958058 -15.102748 -15.247503 -15.392297 -15.537116 -15.681950 -15.826793
-13.713553 -13.881599 -14.054145 -14.215116 -14.362555 -14.502120 -14.640573 -14.780646 -14.922411 -15.065351 -15.209033 -15.353171 -15.497589 -15.642177 -15.786871
-14.468409 -14.598102 -14.753519 -14.916506 -15.073947 -15.222126 -15.364096 -15.504165 -15.644812 -15.786688 -15.929618 -16.073275 -16.217394 -16.361799 -16.506380
-13.569040 -13.725896 -13.893387 -14.054477 -14.204145 -14.345904 -14.485272 -14.625382 -14.766946 -14.909703 -15.053258 -15.197317 -15.341685 -15.486244 -15.630918
-15.117514 -15.209498 -15.337635 -15.487769 -15.645614 -15.800869 -15.949572 -16.092998 -16.234177 -16.375287 -16.517199 -16.660008 -16.803530 -16.947545 -17.091881
-14.016024 -14.102946 -14.240583 -14.404733 -14.571614 -14.728503 -14.874434 -15.014590 -15.153949 -15.294586 -15.436657 -15.579769 -15.723553 -15.867753 -16.012208
-14.376330 -14.403814 -14.502401 -14.650491 -14.818694 -14.984380 -15.138487 -15.282268 -15.421677 -15.561177 -15.702153 -15.844490 -15.987775 -16.131665 -16.275929
-14.526529 -14.683388 -14.831984 -14.974662 -15.115242 -15.256067 -15.397881 -15.540662 -15.684174 -15.828184 -15.972516 -16.117051 -16.261710 -16.406446 -16.551230
-14.711890 -14.770372 -14.882658 -15.032576 -15.198229 -15.360883 -15.512785 -15.655934 -15.795631 -15.935551 -16.076854 -16.219421 -16.362858 -16.506844 -16.651168
-13.692371 -13.833660 -13.976151 -14.119518 -14.263456 -14.407749 -14.552260 -14.696907 -14.841635 -14.986413 -15.131222 -15.276050 -15.420889 -15.565735 -15.710586
-14.158273 -14.297079 -14.436586 -14.577764 -14.720294 -14.863716 -15.007694 -15.152014 -15.296542 -15.441199 -15.585934 -15.730716 -15.875527 -16.020357 -16.165197
-14.321570 -14.481781 -14.633457 -14.777464 -14.918008 -15.058346 -15.199745 -15.342284 -15.485673 -15.629620 -15.773919 -15.918434 -16.063082 -16.207812 -16.352591
-13.804682 -13.945452 -14.085430 -14.226383 -14.368555 -14.511683 -14.655459 -14.799648 -14.944096 -15.088702 -15.233406 -15.378170 -15.522970 -15.667792 -15.812628
-13.852139 -13.993089 -14.132309 -14.272549 -14.414256 -14.557108 -14.700722 -14.844815 -14.989204 -15.133775 -15.278458 -15.423208 -15.568000 -15.712817 -15.857650
-14.911300 -15.032263 -15.179826 -15.338567 -15.496194 -15.646768 -15.790880 -15.931948 -16.072696 -16.214294 -16.356902 -16.500310 -16.644262 -16.788561 -16.933077
-14.045994 -14.154386 -14.301487 -14.465304 -14.627730 -14.780520 -14.924598 -15.064786 -15.204800 -15.346001 -15.488424 -15.631743 -15.775649 -15.919922 -16.064421
-16.119081 -16.048436 -16.032801 -16.068967 -16.147744 -16.257609 -16.388091 -16.530728 -16.678730 -16.827521 -16.974925 -17.120233 -17.263644 -17.406048 -17.548389
-14.876922 -14.857750 -14.917563 -15.042488 -15.204769 -15.374886 -15.535978 -15.684540 -15.825218 -15.964117 -16.104196 -16.245856 -16.388703 -16.532321 -16.676420
-15.344457 -15.496729 -15.638716 -15.777376 -15.916960 -16.058177 -16.200663 -16.344017 -16.487938 -16.632219 -16.776723 -16.921364 -17.066090 -17.210866 -17.355674
-16.264414 -16.125814 -16.063059 -16.090960 -16.200599 -16.358909 -16.529076 -16.692719 -16.843963 -16.985894 -17.125050 -17.264926 -17.406261 -17.548809 -17.692198
-13.918279 -14.081218 -14.234093 -14.378017 -14.518036 -14.657963 -14.799139 -14.941564 -15.084890 -15.228801 -15.373077 -15.517579 -15.662219 -15.806944 -15.951720
-14.513561 -14.652686 -14.792918 -14.934662 -15.077556 -15.221203 -15.365318 -15.509721 -15.654301 -15.798989 -15.943743 -16.088537 -16.233355 -16.378189 -16.523031
-14.910249 -14.864907 -14.881804 -14.958026 -15.082832 -15.238112 -15.403013 -15.562380 -15.711551 -15.853615 -15.993409 -16.133779 -16.275466 -16.418280 -16.561865
-14.477158 -14.598191 -14.745473 -14.903861 -15.061083 -15.211441 -15.355549 -15.496688 -15.637515 -15.779170 -15.921807 -16.065225 -16.209178 -16.353476 -16.497989
-15.135737 -15.236818 -15.377909 -15.539215 -15.702166 -15.856644 -16.002080 -16.142795 -16.282779 -16.423782 -16.566024 -16.709217 -16.853042 -16.997264 -17.141733
-14.683255 -14.847470 -14.999172 -15.141310 -15.280282 -15.419951 -15.561210 -15.703778 -15.847221 -15.991211 -16.135538 -16.280072 -16.424731 -16.569467 -16.714251
-15.767598 -15.601736 -15.457919 -15.370723 -15.354487 -15.408404 -15.519913 -15.667885 -15.829924 -15.990287 -16.142203 -16.286422 -16.427113 -16.567517 -16.708874
-14.304110 -14.445411 -14.610509 -14.776678 -14.932331 -15.077409 -15.217321 -15.356766 -15.497561 -15.639763 -15.782966 -15.926807 -16.071042 -16.215519 -16.360144
-16.331255 -16.314427 -16.369162 -16.482692 -16.632462 -16.795749 -16.956667 -17.108418 -17.252244 -17.392643 -17.532896 -17.674221 -17.816684 -17.960011 -18.103918
-14.880020 -14.954655 -15.073666 -15.221977 -15.382377 -15.541016 -15.691749 -15.835600 -15.976379 -16.116976 -16.258529 -16.401133 -16.544543 -16.688497 -16.832797
-13.964403 -14.026646 -14.153133 -14.315809 -14.485519 -14.646121 -14.794409 -14.935043 -15.074011 -15.214158 -15.355857 -15.498724 -15.642353 -15.786457 -15.930854
-14.487354 -14.648182 -14.801954 -14.947679 -15.088940 -15.229287 -15.370434 -15.512707 -15.655895 -15.799708 -15.943922 -16.088384 -16.233000 -16.377710 -16.522477
-14.918815 -15.004758 -15.137867 -15.296591 -15.460543 -15.617517 -15.764938 -15.906429 -16.046388 -16.187082 -16.329003 -16.471952 -16.615611 -16.759729 -16.904133
-15.673884 -15.686654 -15.754913 -15.866011 -16.005176 -16.158362 -16.314501 -16.467034 -16.613936 -16.756621 -16.897743 -17.039087 -17.181282 -17.324348 -17.468076
-13.952052 -14.102551 -14.244196 -14.383191 -14.523041 -14.664463 -14.807140 -14.950649 -15.094679 -15.239030 -15.383578 -15.528246 -15.672988 -15.817775 -15.962589
-14.163930 -14.261033 -14.398037 -14.557252 -14.720389 -14.876009 -15.022384 -15.163473 -15.303439 -15.444303 -15.586426 -15.729544 -15.873324 -16.017520 -16.161972
-15.002146 -15.167574 -15.332791 -15.487085 -15.631117 -15.770806 -15.910375 -16.051325 -16.193651 -16.336941 -16.480837 -16.625107 -16.769605 -16.914243 -17.058966
-14.366184 -14.445841 -14.586927 -14.755923 -14.924888 -15.082068 -15.227242 -15.366577 -15.505589 -15.646165 -15.788246 -15.931375 -16.075170 -16.219377 -16.363836
-14.943451 -15.091568 -15.246389 -15.399792 -15.548182 -15.692317 -15.834267 -15.975776 -16.117755 -16.260462 -16.403842 -16.547737 -16.691986 -16.836466 -16.981091
-14.663537 -14.815079 -14.956406 -15.094771 -15.234240 -15.375499 -15.518107 -15.661581 -15.805591 -15.949930 -16.094471 -16.239135 -16.383874 -16.528660 -16.673473
-14.650346 -14.800757 -14.961078 -15.118788 -15.268805 -15.412395 -15.553261 -15.694024 -15.835671 -15.978299 -16.121703 -16.265645 -16.409934 -16.554443 -16.699086
-13.486463 -13.628407 -13.791047 -13.954811 -14.109550 -14.254840 -14.395334 -14.535193 -14.676144 -14.818364 -14.961545 -15.105361 -15.249579 -15.394045 -15.538662
-16.350646 -16.249578 -16.225379 -16.282238 -16.406171 -16.566945 -16.735059 -16.895482 -17.044271 -17.185544 -17.324968 -17.465250 -17.606904 -17.749670 -17.893202
-15.014160 -15.172889 -15.336404 -15.493052 -15.640273 -15.781669 -15.921605 -16.062315 -16.204274 -16.347269 -16.490970 -16.635118 -16.779541 -16.924133 -17.068828
-15.385269 -15.257177 -15.177042 -15.154480 -15.190070 -15.277582 -15.404908 -15.556031 -15.715142 -15.871184 -16.020076 -16.163344 -16.304310 -16.445280 -16.587122
-15.336954 -15.492240 -15.651233 -15.804719 -15.951525 -16.094181 -16.235567 -16.377155 -16.519340 -16.662173 -16.805601 -16.949505 -17.093753 -17.238231 -17.382855
-14.430536 -14.556297 -14.717051 -14.886118 -15.046599 -15.194994 -15.335846 -15.474904 -15.615067 -15.756780 -15.899664 -16.043308 -16.187422 -16.331824 -16.476404
-17.076844 -16.916325 -16.743724 -16.613220 -16.560574 -16.596227 -16.704974 -16.848936 -16.996862 -17.142735 -17.287995 -17.433254 -17.578641 -17.723050 -17.866019
-16.007294 -15.921789 -15.916492 -15.989626 -16.119491 -16.273295 -16.430051 -16.583838 -16.732429 -16.876596 -17.018564 -17.159968 -17.301757 -17.444290 -17.587567
-14.039598 -14.189014 -14.330581 -14.469874 -14.609988 -14.751584 -14.894370 -15.037948 -15.182020 -15.326397 -15.470961 -15.615639 -15.760386 -15.905177 -16.049993
-15.698260 -15.857932 -16.017262 -16.169118 -16.313719 -16.454753 -16.595296 -16.736690 -16.879142 -17.022441 -17.166322 -17.310577 -17.455065 -17.599697 -17.744416
-13.751097 -13.900655 -14.043063 -14.183007 -14.323388 -14.465043 -14.607826 -14.751392 -14.895454 -15.039825 -15.184384 -15.329060 -15.473806 -15.618595 -15.763411
-14.142143 -14.298578 -14.458094 -14.611708 -14.757917 -14.899692 -15.040318 -15.181533 -15.323775 -15.466907 -15.610672 -15.754851 -15.899291 -16.043893 -16.188594
-13.932629 -13.924893 -13.989218 -14.113057 -14.272656 -14.441436 -14.602358 -14.751299 -14.892453 -15.031580 -15.171693 -15.313332 -15.456158 -15.599761 -15.743850
-15.114011 -15.136924 -15.226772 -15.363415 -15.521987 -15.683890 -15.839355 -15.986266 -16.127974 -16.268343 -16.409299 -16.551309 -16.694258 -16.837891 -16.981983
-14.607021 -14.769204 -14.933436 -15.088951 -15.234791 -15.375452 -15.515268 -15.656121 -15.798250 -15.941365 -16.085138 -16.229329 -16.373778 -16.518385 -16.663090
-14.732249 -14.886078 -15.049527 -15.208381 -15.357792 -15.500288 -15.640363 -15.780822 -15.922494 -16.065269 -16.208823 -16.352877 -16.497243 -16.641799 -16.786473
-14.360234 -14.510471 -14.676196 -14.838775 -14.990582 -15.133678 -15.273369 -15.413300 -15.554614 -15.697187 -15.840626 -15.984613 -16.128938 -16.273469 -16.418128
-15.276093 -15.412333 -15.562690 -15.716920 -15.868419 -16.015144 -16.158341 -16.300078 -16.441791 -16.584109 -16.727144 -16.870784 -17.014861 -17.159232 -17.303789
-14.466810 -14.630617 -14.786955 -14.933799 -15.075036 -15.214981 -15.355753 -15.497763 -15.640779 -15.784483 -15.928630 -16.073051 -16.217641 -16.362335 -16.507092
-13.890083 -14.029721 -14.168023 -14.307963 -14.449647 -14.592540 -14.736193 -14.880314 -15.024721 -15.169304 -15.313993 -15.458748 -15.603542 -15.748361 -15.893195
-15.426174 -15.572715 -15.713890 -15.853909 -15.994749 -16.136786 -16.279814 -16.423527 -16.567679 -16.712104 -16.856697 -17.001393 -17.146151 -17.290948 -17.435768
-14.207584 -14.319037 -14.471911 -14.639743 -14.803065 -14.954816 -15.097496 -15.236876 -15.376695 -15.517978 -15.660536 -15.803963 -15.947941 -16.092260 -16.236789
-14.496077 -14.657683 -14.810702 -14.955440 -15.096198 -15.236476 -15.377683 -15.519992 -15.663180 -15.806980 -15.951179 -16.095631 -16.240239 -16.384944 -16.529708
-15.287176 -15.220580 -15.229176 -15.309894 -15.445985 -15.610332 -15.777768 -15.935426 -16.081838 -16.222085 -16.361380 -16.501917 -16.643893 -16.786935 -16.930671
-14.961896 -14.842535 -14.803221 -14.850794 -14.969448 -15.126186 -15.291990 -15.452723 -15.603112 -15.745605 -15.885493 -16.025782 -16.167263 -16.309846 -16.453242
-14.374043 -14.488695 -14.637483 -14.800748 -14.961874 -15.113520 -15.257096 -15.397270 -15.537442 -15.678813 -15.821373 -15.964789 -16.108757 -16.253070 -16.397594
-15.725570 -15.799604 -15.941571 -16.114241 -16.284695 -16.441920 -16.586570 -16.725288 -16.864043 -17.004605 -17.146728 -17.289891 -17.433709 -17.577930 -17.722398
-15.310751 -15.362259 -15.450371 -15.560999 -15.686785 -15.825412 -15.972535 -16.122276 -16.270851 -16.416809 -16.560307 -16.702561 -16.844775 -16.987520 -17.130895
-13.736218 -13.909771 -14.075838 -14.228074 -14.369794 -14.508170 -14.647546 -14.788726 -14.931282 -15.074725 -15.218718 -15.363046 -15.507580 -15.652240 -15.796977
-14.168761 -14.327997 -14.490428 -14.645692 -14.792170 -14.933577 -15.073810 -15.214764 -15.356839 -15.499858 -15.643546 -15.787674 -15.932081 -16.076662 -16.221350
-15.635290 -15.785204 -15.928377 -16.068863 -16.209443 -16.351091 -16.493801 -16.637295 -16.781305 -16.925642 -17.070180 -17.214842 -17.359580 -17.504364 -17.649177
-14.925955 -14.935968 -15.023083 -15.167720 -15.337788 -15.506188 -15.662104 -15.806363 -15.945409 -16.084480 -16.225208 -16.367427 -16.510655 -16.654513 -16.798760
