3.008472e-06 9.352310e-06 2.293113e-05 4.674599e-05 8.424553e-05 1.419757e-04 2.316575e-04 3.696640e-04 5.745604e-04 8.652540e-04 1.262400e-03 1.789212e-03 2.457628e-03 3.229559e-03 3.969322e-03 4.436572e-03 4.374646e-03 3.686697e-03 2.570022e-03 1.434223e-03 6.210196e-04 2.028353e-04 4.877211e-05 8.460582e-06 1.041520e-06 8.978386e-08 5.362333e-09 2.179485e-10 5.843162e-12 8.611154e-14
2.035934e-06 1.850658e-05 1.051685e-04 3.898568e-04 1.000218e-03 1.930113e-03 3.103363e-03 4.555238e-03 6.392524e-03 8.593096e-03 1.088415e-02 1.281083e-02 1.391456e-02 1.379156e-02 1.214331e-02 9.117447e-03 5.578836e-03 2.665625e-03 9.575083e-04 2.500093e-04 4.602375e-05 5.803853e-06 4.873643e-07 2.648315e-08 9.049209e-10 1.891291e-11 2.357356e-13 1.711779e-15 7.043946e-18 1.466581e-20
1.008380e-06 5.745766e-06 2.008943e-05 4.792616e-05 8.891286e-05 1.464758e-04 2.326632e-04 3.647488e-04 5.615813e-04 8.364406e-04 1.188267e-03 1.605478e-03 2.074258e-03 2.557491e-03 2.950634e-03 3.077457e-03 2.782477e-03 2.086016e-03 1.239131e-03 5.561003e-04 1.786730e-04 3.850543e-05 5.151467e-06 3.941333e-07 1.599155e-08 3.236678e-10 3.123430e-12 1.391938e-14 2.790425e-17 2.310107e-20
5.535371e-07 3.930948e-06 1.854718e-05 5.997555e-05 1.382707e-04 2.398767e-04 3.368735e-04 4.165253e-04 4.862306e-04 5.552655e-04 6.240982e-04 6.855616e-04 7.310475e-04 7.578107e-04 7.694705e-04 7.671169e-04 7.419209e-04 6.790971e-04 5.704220e-04 4.253647e-04 2.716639e-04 1.426429e-04 5.877484e-05 1.808398e-05 3.960175e-06 5.916858e-07 5.825467e-08 3.643395e-09 1.381238e-10 2.600899e-12
3.011849e-11 8.620663e-09 5.293736e-07 8.665338e-06 5.115285e-05 1.478209e-04 2.830981e-04 4.728926e-04 7.724927e-04 1.244355e-03 1.939769e-03 2.844422e-03 3.885644e-03 5.007328e-03 6.063684e-03 6.616947e-03 6.074999e-03 4.327007e-03 2.188099e-03 7.095935e-04 1.285333e-04 1.045760e-05 2.824853e-07 1.889895e-09 2.577270e-12 6.478687e-16 2.864192e-20 2.177707e-25 2.814679e-31 6.108862e-38
9.188349e-08 6.649298e-07 3.162962e-06 1.076374e-05 2.919443e-05 7.032648e-05 1.611980e-04 3.576033e-04 7.582608e-04 1.512538e-03 2.818680e-03 4.890766e-03 7.794757e-03 1.107400e-02 1.345535e-02 1.336823e-02 1.039680e-02 6.072552e-03 2.557560e-03 7.450911e-04 1.438476e-04 1.763367e-05 1.318555e-06 5.805396e-08 1.461512e-09 2.055374e-11 1.586059e-13 6.619992e-16 1.469485e-18 1.585840e-21
2.085645e-09 2.866708e-08 2.002016e-07 8.150108e-07 2.266697e-06 5.111729e-06 1.071004e-05 2.208881e-05 4.515252e-05 9.043715e-05 1.744869e-04 3.217920e-04 5.712740e-04 9.839704e-04 1.634676e-03 2.561817e-03 3.657399e-03 4.554092e-03 4.694972e-03 3.747840e-03 2.118358e-03 7.575993e-04 1.514115e-04 1.504236e-05 6.748228e-07 1.273466e-08 9.632110e-11 2.829662e-13 3.155918e-16 1.248498e-19
4.994739e-16 2.898661e-13 3.087618e-11 8.033196e-10 7.667377e-09 3.928924e-08 1.477215e-07 5.034549e-07 1.631226e-06 5.033692e-06 1.470194e-05 3.981814e-05 9.908454e-05 2.290045e-04 4.953411e-04 9.925640e-04 1.785776e-03 2.739336e-03 3.354047e-03 3.032939e-03 1.831105e-03 6.302684e-04 9.469439e-05 4.285056e-06 4.100640e-08 6.661484e-11 1.658351e-14 6.053404e-19 3.173825e-24 2.347426e-30
8.038850e-07 2.680679e-06 6.636281e-06 1.430460e-05 2.966654e-05 6.098741e-05 1.240693e-04 2.464659e-04 4.709144e-04 8.626325e-04 1.528969e-03 2.639527e-03 4.407723e-03 6.971267e-03 1.011199e-02 1.292022e-02 1.383494e-02 1.161058e-02 6.970108e-03 2.668434e-03 5.741212e-04 6.166230e-05 3.001420e-06 6.166722e-08 5.095649e-10 1.641394e-12 2.021088e-15 9.396463e-19 1.634586e-22 1.022290e-26
2.192752e-08 1.416228e-07 6.032770e-07 1.924505e-06 5.254328e-06 1.351510e-05 3.396399e-05 8.325366e-05 1.957026e-04 4.331491e-04 8.945603e-04 1.721157e-03 3.065451e-03 4.955212e-03 7.034803e-03 8.417613e-03 8.121849e-03 6.046178e-03 3.325548e-03 1.293547e-03 3.394231e-04 5.694869e-05 5.754140e-06 3.291355e-07 1.006598e-08 1.569630e-10 1.203461e-12 4.417541e-15 7.584742e-18 5.604979e-21
3.611418e-05 1.704220e-04 5.957444e-04 1.561445e-03 3.118088e-03 4.853058e-03 6.083121e-03 6.421510e-03 6.021426e-03 5.274741e-03 4.464038e-03 3.696031e-03 2.992710e-03 2.365027e-03 1.828178e-03 1.387494e-03 1.030749e-03 7.384134e-04 4.979636e-04 3.075749e-04 1.693394e-04 8.092544e-05 3.268469e-05 1.085870e-05 2.889059e-06 6.002468e-07 9.521904e-08 1.107805e-08 8.962444e-10 3.877585e-11
1.217988e-07 5.062947e-07 1.591318e-06 4.065805e-06 9.155484e-06 1.941783e-05 4.011847e-05 8.114840e-05 1.591973e-04 2.992986e-04 5.356225e-04 9.122795e-04 1.478765e-03 2.262721e-03 3.206500e-03 4.096085e-03 4.575427e-03 4.333431e-03 3.376509e-03 2.100671e-03 1.011939e-03 3.653750e-04 9.556837e-05 1.750153e-05 2.173382e-06 1.779315e-07 9.379170e-09 3.104532e-10 6.229748e-12 6.418224e-14
1.737547e-07 1.616215e-06 9.862351e-06 4.078193e-05 1.194829e-04 2.639512e-04 4.767035e-04 7.661795e-04 1.163836e-03 1.704973e-03 2.392349e-03 3.174879e-03 3.956402e-03 4.606050e-03 4.940904e-03 4.750016e-03 3.944487e-03 2.722708e-03 1.507392e-03 6.482621e-04 2.103303e-04 5.008353e-05 8.518473e-06 1.007307e-06 8.063896e-08 4.261474e-09 1.453096e-10 3.121015e-12 4.083374e-14 2.795476e-16
1.920532e-09 1.225306e-08 5.753982e-08 2.074503e-07 6.067560e-07 1.536509e-06 3.584169e-06 8.025732e-06 1.749486e-05 3.693576e-05 7.460304e-05 1.425919e-04 2.562268e-04 4.307581e-04 6.717830e-04 9.570431e-04 1.218910e-03 1.353817e-03 1.278554e-03 1.002365e-03 6.380993e-04 3.232389e-04 1.278758e-04 3.880910e-05 8.878915e-06 1.504663e-06 1.855574e-07 1.612049e-08 9.385888e-10 2.890982e-11
4.198572e-10 7.068469e-09 6.982142e-08 4.259558e-07 1.716738e-06 4.998739e-06 1.174081e-05 2.471149e-05 4.964683e-05 9.670329e-05 1.807594e-04 3.192219e-04 5.283178e-04 8.190806e-04 1.183575e-03 1.561815e-03 1.817154e-03 1.786922e-03 1.422209e-03 8.787348e-04 4.048361e-04 1.335083e-04 3.017990e-05 4.464271e-06 4.120889e-07 2.269440e-08 7.169462e-10 1.255254e-11 1.173134e-13 5.111181e-16
7.267250e-11 1.336239e-09 1.281521e-08 7.088393e-08 2.563302e-07 7.003294e-07 1.663854e-06 3.766707e-06 8.377716e-06 1.828031e-05 3.858764e-05 7.756612e-05 1.475972e-04 2.667880e-04 4.581578e-04 7.383168e-04 1.088034e-03 1.414314e-03 1.554940e-03 1.382589e-03 9.478493e-04 4.744380e-04 1.621992e-04 3.492973e-05 4.336170e-06 2.852236e-07 9.266406e-09 1.408330e-10 9.560891e-13 2.568487e-15
1.152520e-09 1.208998e-08 8.349228e-08 3.961357e-07 1.365378e-06 3.667733e-06 8.305042e-06 1.698155e-05 3.269810e-05 6.014331e-05 1.054444e-04 1.750268e-04 2.744100e-04 4.078274e-04 5.757779e-04 7.655702e-04 9.379935e-04 1.027065e-03 9.713422e-04 7.664011e-04 4.871033e-04 2.404455e-04 8.868898e-05 2.348755e-05 4.295004e-06 5.232838e-07 4.119071e-08 2.027065e-09 5.972082e-11 8.750239e-13
6.513777e-09 3.562622e-08 1.432296e-07 4.464537e-07 1.154567e-06 2.665804e-06 5.829873e-06 1.243524e-05 2.594613e-05 5.244160e-05 1.016241e-04 1.879297e-04 3.314018e-04 5.552346e-04 8.730144e-04 1.261085e-03 1.629096e-03 1.828403e-03 1.732375e-03 1.347315e-03 8.364079e-04 4.028054e-04 1.461492e-04 3.880036e-05 7.330234e-06 9.609241e-07 8.552039e-08 5.021834e-09 1.866720e-10 3.597606e-12
4.472882e-15 3.058168e-12 4.691345e-10 1.846977e-08 2.333022e-07 1.265430e-06 3.988512e-06 9.770670e-06 2.246348e-05 5.078394e-05 1.118559e-04 2.332838e-04 4.478526e-04 7.862549e-04 1.261800e-03 1.809523e-03 2.201195e-03 2.111588e-03 1.470454e-03 6.809396e-04 1.909226e-04 2.907504e-05 2.076054e-06 5.636433e-08 4.573963e-10 9.122226e-13 3.971143e-16 3.551153e-20 6.332597e-25 2.191814e-30
5.959935e-11 4.622429e-10 2.591098e-09 1.100232e-08 3.757290e-08 1.104261e-07 2.967173e-07 7.569057e-07 1.856707e-06 4.368822e-06 9.794283e-06 2.086244e-05 4.237175e-05 8.246024e-05 1.535551e-04 2.703977e-04 4.408354e-04 6.474966e-04 8.304719e-04 8.984362e-04 7.893376e-04 5.411895e-04 2.784045e-04 1.036351e-04 2.704916e-05 4.821748e-06 5.746389e-07 4.446947e-08 2.141814e-09 5.200750e-11
3.854908e-11 3.475855e-10 2.207495e-09 1.049567e-08 4.009938e-08 1.321194e-07 3.966049e-07 1.118143e-06 2.989334e-06 7.557717e-06 1.793182e-05 3.970487e-05 8.199619e-05 1.580407e-04 2.829483e-04 4.640257e-04 6.815840e-04 8.721399e-04 9.437264e-04 8.385275e-04 5.946423e-04 3.273208e-04 1.359494e-04 4.135460e-05 8.927630e-06 1.324467e-06 1.309069e-07 8.303872e-09 3.214935e-10 6.193200e-12
8.899302e-11 8.894200e-10 5.902404e-09 2.751998e-08 9.696047e-08 2.813315e-07 7.298885e-07 1.789319e-06 4.233993e-06 9.659283e-06 2.103619e-05 4.338498e-05 8.468677e-05 1.569778e-04 2.757975e-04 4.532945e-04 6.805141e-04 9.049629e-04 1.030641e-03 9.705642e-04 7.284234e-04 4.187444e-04 1.766811e-04 5.236626e-05 1.045325e-05 1.353491e-06 1.101276e-07 5.449820e-09 1.571935e-10 2.204109e-12
7.491451e-09 1.378540e-07 1.306045e-06 6.851356e-06 2.168444e-05 4.584819e-05 7.367041e-05 1.035021e-04 1.398827e-04 1.875323e-04 2.486172e-04 3.212668e-04 3.993202e-04 4.769780e-04 5.520272e-04 6.189471e-04 6.594797e-04 6.451168e-04 5.557934e-04 4.034389e-04 2.353698e-04 1.045696e-04 3.308814e-05 6.865316e-06 8.525024e-07 5.808975e-08 2.021147e-09 3.396367e-11 2.627355e-13 8.241252e-16
8.601620e-10 6.887352e-09 4.007085e-08 1.748752e-07 5.980423e-07 1.696443e-06 4.253286e-06 9.943555e-06 2.229502e-05 4.807669e-05 9.871870e-05 1.910058e-04 3.460514e-04 5.840191e-04 9.086123e-04 1.278708e-03 1.586842e-03 1.688888e-03 1.500845e-03 1.086770e-03 6.273010e-04 2.829217e-04 9.785204e-05 2.548872e-05 4.912898e-06 6.887785e-07 6.909631e-08 4.822253e-09 2.241162e-10 5.576543e-12
2.001480e-10 3.236745e-09 3.060822e-08 1.823295e-07 7.563933e-07 2.474377e-06 7.182101e-06 1.981448e-05 5.270503e-05 1.333041e-04 3.151595e-04 6.917539e-04 1.408617e-03 2.634919e-03 4.404477e-03 6.310262e-03 7.387032e-03 6.733634e-03 4.559835e-03 2.187319e-03 7.067566e-04 1.457979e-04 1.818691e-05 1.303599e-06 5.137026e-08 1.073792e-09 1.158311e-11 6.312685e-14 1.701079e-16 2.065619e-19
4.777568e-07 5.091001e-06 2.877590e-05 9.591035e-05 2.140742e-04 3.735090e-04 5.884015e-04 9.018030e-04 1.362799e-03 2.008012e-03 2.833306e-03 3.790086e-03 4.826412e-03 5.872561e-03 6.726201e-03 7.000339e-03 6.318024e-03 4.699987e-03 2.735004e-03 1.177954e-03 3.522637e-04 6.758197e-05 7.570004e-06 4.488082e-07 1.290813e-08 1.682962e-10 9.482344e-13 2.236044e-15 2.155151e-18 7.921805e-22
8.353275e-09 8.846091e-08 5.536362e-07 2.235200e-06 6.513767e-06 1.561402e-05 3.441643e-05 7.369023e-05 1.543809e-04 3.121479e-04 5.991548e-04 1.084347e-03 1.854301e-03 2.988171e-03 4.454796e-03 5.940150e-03 6.789789e-03 6.356922e-03 4.655259e-03 2.542063e-03 9.819642e-04 2.527240e-04 4.059079e-05 3.812616e-06 1.976146e-07 5.390490e-09 7.463526e-11 5.104354e-13 1.680461e-15 2.415239e-18
5.138579e-09 3.125365e-08 1.426047e-07 5.039433e-07 1.439716e-06 3.508156e-06 7.714355e-06 1.600693e-05 3.203401e-05 6.195116e-05 1.150397e-04 2.041222e-04 3.457943e-04 5.586007e-04 8.536061e-04 1.212686e-03 1.563349e-03 1.780112e-03 1.742342e-03 1.427698e-03 9.544858e-04 5.077186e-04 2.097598e-04 6.581185e-05 1.536684e-05 2.623689e-06 3.226932e-07 2.778254e-08 1.604393e-09 4.938936e-11
2.084199e-07 1.193319e-06 5.065830e-06 1.624736e-05 4.041069e-05 8.083580e-05 1.364439e-04 2.053043e-04 2.891318e-04 3.922097e-04 5.163462e-04 6.582244e-04 8.112091e-04 9.665147e-04 1.107590e-03 1.201674e-03 1.203402e-03 1.079622e-03 8.416904e-04 5.536687e-04 2.987661e-04 1.287945e-04 4.329548e-05 1.110927e-05 2.136346e-06 3.032055e-07 3.136020e-08 2.303353e-09 1.154715e-10 3.164610e-12
3.958139e-10 8.408853e-09 1.029487e-07 7.567822e-07 3.526398e-06 1.122543e-05 2.703147e-05 5.534852e-05 1.056053e-04 1.948336e-04 3.463013e-04 5.843974e-04 9.306189e-04 1.401831e-03 1.986443e-03 2.580289e-03 2.944872e-03 2.812876e-03 2.140915e-03 1.236043e-03 5.143163e-04 1.461767e-04 2.688535e-05 3.041954e-06 2.025918e-07 7.659376e-09 1.597815e-10 1.796756e-12 1.060716e-14 2.928990e-17
2.754752e-07 2.006419e-06 9.793108e-06 3.294993e-05 7.928847e-05 1.437114e-04 2.107250e-04 2.716086e-04 3.299683e-04 3.916074e-04 4.567007e-04 5.195644e-04 5.730045e-04 6.140755e-04 6.442397e-04 6.616744e-04 6.551686e-04 6.084973e-04 5.131097e-04 3.794791e-04 2.370932e-04 1.199750e-04 4.693277e-05 1.353228e-05 2.751098e-06 3.796440e-07 3.448556e-08 1.995095e-09 7.036797e-11 1.245789e-12
1.046913e-09 1.264921e-08 9.117839e-08 4.181661e-07 1.326587e-06 3.233351e-06 6.787514e-06 1.341300e-05 2.596531e-05 4.939884e-05 9.124533e-05 1.615253e-04 2.729287e-04 4.416515e-04 6.839347e-04 9.999513e-04 1.344275e-03 1.604789e-03 1.636579e-03 1.368841e-03 8.988345e-04 4.411499e-04 1.530751e-04 3.536902e-05 5.130523e-06 4.432574e-07 2.183834e-08 5.911011e-10 8.440062e-12 5.482144e-14
1.798627e-07 5.734800e-07 1.549759e-06 3.720246e-06 8.297109e-06 1.774135e-05 3.682821e-05 7.404598e-05 1.429570e-04 2.628619e-04 4.578492e-04 7.521878e-04 1.157695e-03 1.649753e-03 2.140960e-03 2.481855e-03 2.519528e-03 2.198143e-03 1.619922e-03 9.927547e-04 4.987654e-04 2.027119e-04 6.580828e-05 1.685546e-05 3.365123e-06 5.175197e-07 6.061554e-08 5.251593e-09 3.220529e-10 1.097526e-11
4.767579e-08 3.554710e-07 1.802802e-06 6.448636e-06 1.706388e-05 3.559894e-05 6.328740e-05 1.033172e-04 1.624937e-04 2.498908e-04 3.734881e-04 5.354828e-04 7.287291e-04 9.370711e-04 1.135383e-03 1.284182e-03 1.329082e-03 1.223806e-03 9.717350e-04 6.452207e-04 3.481093e-04 1.486145e-04 4.898158e-05 1.217283e-05 2.228274e-06 2.933069e-07 2.707998e-08 1.693181e-09 6.806328e-11 1.419576e-12
4.531645e-08 2.610688e-07 1.119266e-06 3.701242e-06 9.911385e-06 2.281476e-05 4.789277e-05 9.551233e-05 1.835527e-04 3.384152e-04 5.931329e-04 9.825205e-04 1.532681e-03 2.233616e-03 2.989218e-03 3.582416e-03 3.736743e-03 3.299052e-03 2.402777e-03 1.410273e-03 6.527044e-04 2.333260e-04 6.314973e-05 1.269486e-05 1.861783e-06 1.959557e-07 1.458854e-08 7.504922e-10 2.569931e-11 4.803745e-13
1.180601e-14 1.349620e-11 2.867851e-09 1.293132e-07 1.568843e-06 7.200115e-06 1.821869e-05 3.594169e-05 6.491759e-05 1.124309e-04 1.906345e-04 3.061986e-04 4.560055e-04 6.304191e-04 8.262896e-04 1.029088e-03 1.177521e-03 1.168910e-03 9.393435e-04 5.645244e-04 2.289801e-04 5.335611e-05 5.496978e-06 1.786553e-07 1.357614e-09 2.004259e-12 5.246384e-16 2.334620e-20 1.730562e-25 2.095787e-31
3.139691e-08 1.855963e-07 8.282864e-07 2.848070e-06 7.750043e-06 1.727262e-05 3.283628e-05 5.549926e-05 8.628196e-05 1.259681e-04 1.741510e-04 2.284513e-04 2.850323e-04 3.400892e-04 3.900399e-04 4.291108e-04 4.470538e-04 4.315507e-04 3.760795e-04 2.879010e-04 1.883257e-04 1.023829e-04 4.501816e-05 1.560586e-05 4.168416e-06 8.411559e-07 1.261439e-07 1.359626e-08 1.005284e-09 3.969425e-11
6.849027e-08 3.492251e-07 1.312730e-06 3.759703e-06 8.573025e-06 1.645727e-05 2.827665e-05 4.579116e-05 7.193354e-05 1.102977e-04 1.640659e-04 2.348794e-04 3.224316e-04 4.244385e-04 5.346876e-04 6.382532e-04 7.084799e-04 7.136604e-04 6.355013e-04 4.875988e-04 3.145323e-04 1.665519e-04 7.068601e-05 2.346755e-05 5.947761e-06 1.123827e-06 1.548652e-07 1.500801e-08 9.724002e-10 3.307839e-11
1.025602e-05 6.157282e-05 2.097548e-04 4.637857e-04 7.850605e-04 1.191231e-03 1.759921e-03 2.570305e-03 3.670318e-03 5.034594e-03 6.581770e-03 8.267512e-03 1.004078e-02 1.160953e-02 1.231699e-02 1.142758e-02 8.795148e-03 5.301951e-03 2.338779e-03 6.915817e-04 1.228821e-04 1.165594e-05 5.299650e-07 1.061163e-08 8.812790e-11 2.917869e-13 3.756176e-16 1.850619e-19 3.450808e-23 2.335161e-27
4.228522e-06 1.171580e-05 2.635132e-05 5.080198e-05 8.898434e-05 1.484253e-04 2.415256e-04 3.848192e-04 5.969113e-04 8.971587e-04 1.307415e-03 1.853055e-03 2.550245e-03 3.369564e-03 4.188645e-03 4.776130e-03 4.859557e-03 4.285844e-03 3.178303e-03 1.920908e-03 9.175723e-04 3.366909e-04 9.255833e-05 1.866565e-05 2.714064e-06 2.806094e-07 2.040061e-08 1.022205e-09 3.413239e-11 6.252363e-13
1.154666e-08 4.331758e-08 1.399796e-07 4.075363e-07 1.110484e-06 2.896465e-06 7.275917e-06 1.754781e-05 4.046681e-05 8.910923e-05 1.873005e-04 3.743965e-04 7.044607e-04 1.227010e-03 1.937224e-03 2.709706e-03 3.280989e-03 3.361276e-03 2.849509e-03 1.956863e-03 1.067144e-03 4.538079e-04 1.480831e-04 3.656318e-05 6.749902e-06 9.223299e-07 9.249964e-08 6.652396e-09 3.306244e-10 9.100931e-12
3.142967e-06 1.444937e-05 4.841457e-05 1.214405e-04 2.365762e-04 3.763293e-04 5.198660e-04 6.625150e-04 8.119761e-04 9.721412e-04 1.134160e-03 1.278341e-03 1.383590e-03 1.436381e-03 1.429147e-03 1.351869e-03 1.193550e-03 9.586358e-04 6.812169e-04 4.169505e-04 2.144189e-04 9.053047e-05 3.069739e-05 8.179193e-06 1.675089e-06 2.578792e-07 2.919878e-08 2.347730e-09 1.274364e-10 3.699154e-12
4.811502e-06 3.489056e-05 1.320223e-04 3.075380e-04 5.309296e-04 8.103031e-04 1.201313e-03 1.762811e-03 2.538593e-03 3.524584e-03 4.662530e-03 5.909084e-03 7.244840e-03 8.526762e-03 9.348553e-03 9.132530e-03 7.550136e-03 4.992085e-03 2.470099e-03 8.377197e-04 1.726857e-04 1.869665e-05 9.196147e-07 1.825149e-08 1.345013e-10 3.491548e-13 3.093604e-16 9.182786e-20 9.023592e-24 2.835930e-28
1.087713e-06 4.153908e-06 1.230283e-05 2.903436e-05 5.661799e-05 9.548493e-05 1.462924e-04 2.121637e-04 2.979854e-04 4.071472e-04 5.383134e-04 6.843925e-04 8.338226e-04 9.711825e-04 1.074645e-03 1.114614e-03 1.062371e-03 9.095569e-04 6.838034e-04 4.419951e-04 2.409476e-04 1.088225e-04 4.003955e-05 1.180732e-05 2.746575e-06 4.962693e-07 6.864202e-08 7.025498e-09 5.070412e-10 2.000186e-11
6.342673e-10 5.984444e-09 3.565227e-08 1.433839e-07 4.240381e-07 1.023162e-06 2.229836e-06 4.686798e-06 9.710013e-06 1.976088e-05 3.901894e-05 7.403699e-05 1.350517e-04 2.384046e-04 4.078894e-04 6.689222e-04 1.027523e-03 1.433123e-03 1.750098e-03 1.794226e-03 1.468812e-03 9.051757e-04 3.937616e-04 1.134908e-04 2.048354e-05 2.209671e-06 1.373464e-07 4.762904e-09 8.869426e-11 7.589370e-13
1.779030e-06 9.999136e-06 4.165675e-05 1.308739e-04 3.174860e-04 6.144035e-04 9.903541e-04 1.399051e-03 1.817469e-03 2.240610e-03 2.647107e-03 2.984148e-03 3.185656e-03 3.198716e-03 2.994893e-03 2.575806e-03 1.990951e-03 1.348187e-03 7.799244e-04 3.768267e-04 1.491092e-04 4.750806e-05 1.200650e-05 2.374290e-06 3.627381e-07 4.229949e-08 3.721512e-09 2.407189e-10 1.098185e-11 2.826710e-13
6.192769e-11 2.929322e-09 5.136045e-08 3.960168e-07 1.639832e-06 4.537836e-06 1.048144e-05 2.320812e-05 5.098245e-05 1.103431e-04 2.303603e-04 4.556218e-04 8.560198e-04 1.545270e-03 2.667844e-03 4.282092e-03 6.100238e-03 7.282218e-03 6.809685e-03 4.574889e-03 1.955805e-03 4.522658e-04 4.711098e-05 1.869220e-06 2.487686e-08 1.022650e-10 1.237251e-13 4.287082e-17 4.186765e-21 1.114312e-25
3.576397e-09 2.564192e-08 1.309007e-07 4.990730e-07 1.515236e-06 3.953958e-06 9.512555e-06 2.199845e-05 4.933773e-05 1.063180e-04 2.176909e-04 4.212605e-04 7.683793e-04 1.309891e-03 2.047017e-03 2.850371e-03 3.424037e-03 3.435776e-03 2.792873e-03 1.786203e-03 8.735133e-04 3.175186e-04 8.343430e-05 1.543439e-05 1.961965e-06 1.677746e-07 9.479088e-09 3.461449e-10 7.897032e-12 9.468312e-14
1.460870e-09 3.421010e-08 3.513117e-07 1.822169e-06 5.641463e-06 1.256104e-05 2.411864e-05 4.456264e-05 8.153036e-05 1.469402e-04 2.565063e-04 4.277936e-04 6.838864e-04 1.060069e-03 1.592313e-03 2.271491e-03 2.968967e-03 3.396080e-03 3.219149e-03 2.357494e-03 1.211450e-03 3.850171e-04 6.545855e-05 5.175683e-06 1.696867e-07 2.124088e-09 9.619223e-12 1.524379e-14 8.270150e-18 1.453153e-21
4.732076e-09 2.434179e-08 9.703284e-08 3.161292e-07 8.956328e-07 2.338778e-06 5.848178e-06 1.417708e-05 3.312975e-05 7.373769e-05 1.547121e-04 3.040292e-04 5.563752e-04 9.389763e-04 1.438189e-03 1.957115e-03 2.310563e-03 2.310757e-03 1.914111e-03 1.286545e-03 6.886145e-04 2.884470e-04 9.300489e-05 2.271235e-05 4.133557e-06 5.516879e-07 5.314953e-08 3.593368e-09 1.631624e-10 3.998629e-12
2.000754e-05 1.926438e-04 1.012081e-03 3.106315e-03 6.019046e-03 8.175630e-03 8.945804e-03 8.967156e-03 8.777654e-03 8.480382e-03 8.007200e-03 7.286440e-03 6.364485e-03 5.389126e-03 4.448123e-03 3.515507e-03 2.561089e-03 1.643089e-03 8.858058e-04 3.824551e-04 1.254232e-04 2.929687e-05 4.501266e-06 4.159651e-07 2.121082e-08 5.553968e-10 7.075267e-12 4.219302e-14 1.141299e-16 1.274235e-19
1.471195e-06 4.500993e-06 1.065341e-05 2.269310e-05 4.710559e-05 9.699432e-05 1.969476e-04 3.883148e-04 7.336046e-04 1.329215e-03 2.331869e-03 3.969610e-03 6.477983e-03 9.877634e-03 1.357588e-02 1.609934e-02 1.560939e-02 1.151463e-02 5.870753e-03 1.837603e-03 3.108268e-04 2.528175e-05 9.010500e-07 1.316411e-08 7.542170e-11 1.647689e-13 1.348824e-16 4.092550e-20 4.566086e-24 1.808195e-28
4.107243e-11 3.440523e-09 7.154197e-08 5.261837e-07 1.969162e-06 5.014766e-06 1.113619e-05 2.414401e-05 5.180445e-05 1.091946e-04 2.217064e-04 4.228146e-04 7.500005e-04 1.244375e-03 1.927245e-03 2.721010e-03 3.348608e-03 3.383687e-03 2.620368e-03 1.440659e-03 5.157951e-04 1.080171e-04 1.121364e-05 4.393850e-07 4.640582e-09 1.015759e-11 4.010137e-15 2.687426e-19 2.977369e-24 5.333306e-30
3.679570e-09 3.087240e-08 1.705115e-07 6.528279e-07 1.853694e-06 4.246839e-06 8.573952e-06 1.630047e-05 3.006633e-05 5.391624e-05 9.311004e-05 1.536395e-04 2.424642e-04 3.681997e-04 5.380728e-04 7.465928e-04 9.587660e-04 1.103210e-03 1.097552e-03 9.082969e-04 5.988232e-04 2.995777e-04 1.079487e-04 2.661601e-05 4.287746e-06 4.341685e-07 2.679098e-08 9.782960e-10 2.036049e-11 2.049914e-13
1.371280e-07 9.419742e-07 4.405124e-06 1.452458e-05 3.539155e-05 6.792789e-05 1.110649e-04 1.667756e-04 2.412667e-04 3.411186e-04 4.685694e-04 6.186067e-04 7.803829e-04 9.409712e-04 1.082734e-03 1.174069e-03 1.170358e-03 1.039006e-03 7.946917e-04 5.072140e-04 2.620341e-04 1.063363e-04 3.287388e-05 7.499401e-06 1.222164e-06 1.378930e-07 1.046800e-08 5.173424e-10 1.591767e-11 2.516302e-13
2.607266e-06 1.071645e-05 3.193609e-05 7.559614e-05 1.568448e-04 3.072636e-04 5.859898e-04 1.085646e-03 1.929840e-03 3.268450e-03 5.279218e-03 8.124492e-03 1.175097e-02 1.553191e-02 1.808200e-02 1.781269e-02 1.425035e-02 8.872923e-03 4.111855e-03 1.354231e-03 3.029474e-04 4.415407e-05 4.044168e-06 2.259402e-07 7.518501e-09 1.462842e-10 1.640719e-12 1.047979e-14 3.747000e-17 6.773326e-20
4.583345e-06 1.450516e-05 3.627048e-05 7.504057e-05 1.357545e-04 2.267079e-04 3.631055e-04 5.661767e-04 8.574206e-04 1.250522e-03 1.745023e-03 2.322453e-03 2.936486e-03 3.492216e-03 3.837173e-03 3.805874e-03 3.323531e-03 2.494639e-03 1.574168e-03 8.182421e-04 3.437176e-04 1.145531e-04 2.974555e-05 5.911357e-06 8.836571e-07 9.775444e-08 7.885058e-09 4.519489e-10 1.768758e-11 3.833096e-13
2.662419e-07 1.251580e-06 4.454339e-06 1.230153e-05 2.725532e-05 5.061083e-05 8.292625e-05 1.259365e-04 1.833129e-04 2.589031e-04 3.535976e-04 4.626877e-04 5.753931e-04 6.766623e-04 7.489115e-04 7.729357e-04 7.321923e-04 6.233983e-04 4.662752e-04 2.996709e-04 1.621798e-04 7.258664e-05 2.643723e-05 7.722071e-06 1.784641e-06 3.221897e-07 4.487617e-08 4.669554e-09 3.454631e-10 1.401926e-11
1.457726e-08 5.940647e-07 8.615125e-06 5.301311e-05 1.666837e-04 3.184967e-04 4.550467e-04 5.900208e-04 7.524895e-04 9.525408e-04 1.186515e-03 1.429185e-03 1.642258e-03 1.812678e-03 1.952704e-03 2.044677e-03 2.018996e-03 1.797714e-03 1.371413e-03 8.470964e-04 3.960947e-04 1.275890e-04 2.446091e-05 2.288883e-06 8.509628e-08 1.067163e-09 4.061084e-12 4.416762e-15 1.328081e-18 1.051019e-22
4.939634e-08 3.889303e-07 1.832680e-06 5.688919e-06 1.309650e-05 2.551828e-05 4.676901e-05 8.446674e-05 1.508853e-04 2.629765e-04 4.396370e-04 6.985722e-04 1.055587e-03 1.515334e-03 2.038626e-03 2.499696e-03 2.690930e-03 2.439392e-03 1.784504e-03 1.009186e-03 4.217511e-04 1.237750e-04 2.402429e-05 2.882318e-06 1.996001e-07 7.502907e-09 1.456772e-10 1.406121e-12 6.517418e-15 1.299515e-17
3.015422e-06 5.221737e-05 4.109454e-04 1.650216e-03 3.763842e-03 5.520122e-03 6.215781e-03 6.365897e-03 6.394962e-03 6.366619e-03 6.228653e-03 5.892018e-03 5.327049e-03 4.637928e-03 3.944393e-03 3.251178e-03 2.508812e-03 1.729114e-03 1.011896e-03 4.768692e-04 1.707936e-04 4.331604e-05 7.052610e-06 6.462409e-07 2.881816e-08 5.506019e-10 4.108454e-12 1.128011e-14 1.096926e-17 3.517468e-21
2.100507e-05 9.678897e-05 2.749708e-04 5.482771e-04 8.939312e-04 1.352536e-03 2.006850e-03 2.933030e-03 4.162332e-03 5.650631e-03 7.326481e-03 9.148217e-03 1.098064e-02 1.237218e-02 1.256489e-02 1.096057e-02 7.801552e-03 4.285537e-03 1.701368e-03 4.502512e-04 7.232466e-05 6.412726e-06 2.887034e-07 6.181408e-09 6.003814e-11 2.561132e-13 4.696691e-16 3.650611e-19 1.189269e-22 1.544469e-26
6.056263e-07 2.607434e-06 8.136271e-06 1.968367e-05 4.009978e-05 7.458033e-05 1.335447e-04 2.342143e-04 3.999627e-04 6.560291e-04 1.022346e-03 1.507201e-03 2.096846e-03 2.727591e-03 3.251398e-03 3.451633e-03 3.160005e-03 2.416305e-03 1.497112e-03 7.305453e-04 2.732139e-04 7.621422e-05 1.541908e-05 2.197029e-06 2.139992e-07 1.384448e-08 5.795021e-10 1.526923e-11 2.440879e-13 2.016881e-15
3.004426e-09 5.892756e-08 6.090433e-07 3.548725e-06 1.271916e-05 3.144333e-05 6.173287e-05 1.095823e-04 1.883430e-04 3.167801e-04 5.139693e-04 7.926218e-04 1.160148e-03 1.620627e-03 2.145027e-03 2.612648e-03 2.800305e-03 2.509868e-03 1.783348e-03 9.485081e-04 3.537523e-04 8.588174e-05 1.254621e-05 1.023912e-06 4.382379e-08 9.362557e-10 9.627579e-12 4.641315e-14 1.024707e-16 9.500174e-20
3.888720e-10 4.273844e-08 1.345611e-06 1.448029e-05 6.669375e-05 1.644917e-04 2.762359e-04 4.015877e-04 5.691241e-04 7.998023e-04 1.102210e-03 1.457861e-03 1.830323e-03 2.211278e-03 2.603902e-03 2.937215e-03 3.036113e-03 2.715067e-03 1.967601e-03 1.067482e-03 3.868972e-04 7.852656e-05 7.047466e-06 2.196562e-07 1.972609e-09 4.549217e-12 2.532256e-15 3.295142e-19 9.853922e-24 6.604003e-29
1.755173e-10 4.785129e-09 5.531387e-08 3.166710e-07 1.073885e-06 2.672890e-06 5.926384e-06 1.279948e-05 2.730845e-05 5.707126e-05 1.146358e-04 2.174961e-04 3.891856e-04 6.617444e-04 1.066085e-03 1.591976e-03 2.120445e-03 2.398424e-03 2.180289e-03 1.499952e-03 7.278969e-04 2.268299e-04 3.977181e-05 3.332951e-06 1.136576e-07 1.389114e-09 5.594526e-12 7.064711e-15 2.716666e-18 3.019624e-22
7.770869e-12 3.347873e-10 6.500996e-09 6.276463e-08 3.450064e-07 1.284212e-06 3.900062e-06 1.104292e-05 3.052806e-05 8.183201e-05 2.076063e-04 4.898201e-04 1.071654e-03 2.164594e-03 3.949351e-03 6.247502e-03 8.117574e-03 8.164260e-03 5.985566e-03 3.006588e-03 9.654075e-04 1.826149e-04 1.855332e-05 9.225392e-07 2.069670e-08 1.967350e-10 7.580416e-13 1.149415e-15 6.713265e-19 1.422215e-22
1.334539e-08 8.124524e-08 3.717451e-07 1.313841e-06 3.713957e-06 8.758384e-06 1.802475e-05 3.368047e-05 5.868127e-05 9.649050e-05 1.500383e-04 2.202674e-04 3.052827e-04 4.004758e-04 4.979038e-04 5.834187e-04 6.347795e-04 6.274895e-04 5.498503e-04 4.167741e-04 2.669667e-04 1.413396e-04 6.052237e-05 2.051611e-05 5.390183e-06 1.075408e-06 1.598638e-07 1.707754e-08 1.246334e-09 4.829068e-11
1.084731e-09 5.310563e-08 8.383366e-07 5.231066e-06 1.652930e-05 3.352089e-05 5.463303e-05 8.402640e-05 1.282272e-04 1.944874e-04 2.899254e-04 4.171487e-04 5.746841e-04 7.661092e-04 9.993985e-04 1.267683e-03 1.524528e-03 1.672476e-03 1.597097e-03 1.255643e-03 7.532858e-04 3.071174e-04 7.141040e-05 7.550004e-06 2.899276e-07 3.405973e-09 1.100589e-11 9.231016e-15 1.948044e-18 9.901181e-23
1.823349e-07 9.497995e-07 3.570987e-06 1.007370e-05 2.244984e-05 4.214802e-05 7.131641e-05 1.145700e-04 1.790320e-04 2.723232e-04 3.991466e-04 5.578121e-04 7.387289e-04 9.237952e-04 1.083113e-03 1.172660e-03 1.145851e-03 9.836975e-04 7.219435e-04 4.414212e-04 2.196030e-04 8.698184e-05 2.687801e-05 6.353561e-06 1.126635e-06 1.469122e-07 1.380758e-08 9.060253e-10 3.955957e-11 9.232514e-13
2.434360e-12 1.856923e-10 5.623202e-09 7.422850e-08 4.828614e-07 1.788019e-06 4.476331e-06 9.186313e-06 1.776415e-05 3.388875e-05 6.361468e-05 1.153721e-04 1.990158e-04 3.275907e-04 5.212147e-04 7.994663e-04 1.150562e-03 1.486395e-03 1.633500e-03 1.433180e-03 9.246822e-04 3.926482e-04 9.574239e-05 1.163967e-05 6.233090e-07 1.337015e-08 1.075916e-10 3.114083e-13 3.150833e-16 1.042320e-19
7.222900e-06 5.228195e-05 2.627386e-04 9.327708e-04 2.394544e-03 4.593821e-03 6.902096e-03 8.637960e-03 9.627109e-03 1.006211e-02 1.008293e-02 9.673387e-03 8.810949e-03 7.574176e-03 6.105035e-03 4.543079e-03 3.037253e-03 1.763757e-03 8.604334e-04 3.423060e-04 1.082417e-04 2.660232e-05 4.979588e-06 6.965991e-07 7.151180e-08 5.293217e-09 2.777669e-10 1.009018e-11 2.443001e-13 3.277225e-15
1.278908e-08 2.336172e-07 2.089183e-06 1.012946e-05 2.980160e-05 6.095640e-05 1.020846e-04 1.597231e-04 2.460439e-04 3.746811e-04 5.571322e-04 7.953344e-04 1.082332e-03 1.415839e-03 1.793222e-03 2.171666e-03 2.434506e-03 2.419431e-03 2.031723e-03 1.368917e-03 6.972086e-04 2.487121e-04 5.624379e-05 7.181341e-06 4.626783e-07 1.370871e-08 1.745319e-10 9.117802e-13 1.889744e-15 1.427685e-18
2.540062e-07 1.196767e-06 4.268654e-06 1.181518e-05 2.624076e-05 4.885868e-05 8.030264e-05 1.223719e-04 1.787742e-04 2.534247e-04 3.473721e-04 4.561492e-04 5.692176e-04 6.716498e-04 7.457819e-04 7.720947e-04 7.335300e-04 6.262332e-04 4.695719e-04 3.024873e-04 1.640503e-04 7.356467e-05 2.683954e-05 7.851468e-06 1.816914e-06 3.283711e-07 4.577590e-08 4.766050e-09 3.527242e-10 1.431528e-11
1.845484e-08 8.749072e-08 3.186929e-07 9.232808e-07 2.225942e-06 4.713087e-06 9.238363e-06 1.740642e-05 3.202170e-05 5.746993e-05 9.997100e-05 1.678581e-04 2.720650e-04 4.258045e-04 6.401709e-04 9.121035e-04 1.206633e-03 1.446814e-03 1.532903e-03 1.398509e-03 1.070353e-03 6.694559e-04 3.335119e-04 1.291800e-04 3.806101e-05 8.369410e-06 1.351559e-06 1.549503e-07 1.203287e-08 4.917603e-10
6.076434e-07 4.114058e-06 1.899111e-05 6.134838e-05 1.434040e-04 2.539779e-04 3.629596e-04 4.514189e-04 5.234238e-04 5.894157e-04 6.517786e-04 7.042859e-04 7.384825e-04 7.510967e-04 7.453368e-04 7.234376e-04 6.798259e-04 6.044183e-04 4.935735e-04 3.587034e-04 2.245232e-04 1.168288e-04 4.859697e-05 1.549879e-05 3.636242e-06 6.043906e-07 6.893005e-08 5.194964e-09 2.462857e-10 5.921663e-12
2.019146e-10 3.104088e-08 9.492356e-07 8.333370e-06 3.164087e-05 6.910188e-05 1.152734e-04 1.814966e-04 2.832674e-04 4.377168e-04 6.622988e-04 9.596682e-04 1.307173e-03 1.681842e-03 2.071893e-03 2.420847e-03 2.584304e-03 2.386942e-03 1.788927e-03 1.011862e-03 3.973851e-04 9.740825e-05 1.249906e-05 6.110175e-07 7.496166e-09 1.665263e-11 5.690549e-15 2.799663e-19 1.929233e-24 1.824091e-30
5.614459e-09 7.590577e-08 5.878773e-07 2.777010e-06 8.636008e-06 1.946005e-05 3.571171e-05 5.960929e-05 9.648242e-05 1.539268e-04 2.403936e-04 3.622112e-04 5.207073e-04 7.137604e-04 9.368207e-04 1.171773e-03 1.368287e-03 1.443366e-03 1.323194e-03 1.012437e-03 6.206512e-04 2.920987e-04 1.006296e-04 2.400140e-05 3.720788e-06 3.513626e-07 1.904915e-08 5.628435e-10 8.599790e-12 5.811194e-14
1.163203e-10 1.943991e-09 1.971141e-08 1.266963e-07 5.484173e-07 1.738742e-06 4.488736e-06 1.045150e-05 2.332915e-05 5.054109e-05 1.050424e-04 2.073059e-04 3.885465e-04 6.922102e-04 1.156716e-03 1.757088e-03 2.324590e-03 2.554316e-03 2.218001e-03 1.444650e-03 6.689911e-04 2.090679e-04 4.204414e-05 5.222567e-06 3.873876e-07 1.670125e-08 4.097465e-10 5.615517e-12 4.195511e-14 1.512449e-16
9.193593e-06 3.797042e-05 1.173337e-04 2.780007e-04 5.225423e-04 8.159690e-04 1.118929e-03 1.421447e-03 1.734481e-03 2.059379e-03 2.372670e-03 2.635074e-03 2.811449e-03 2.879321e-03 2.817374e-03 2.597268e-03 2.205033e-03 1.678376e-03 1.115229e-03 6.311363e-04 2.973936e-04 1.142235e-04 3.503249e-05 8.408453e-06 1.548587e-06 2.147724e-07 2.204645e-08 1.624931e-09 8.222579e-11 2.276902e-12
2.372323e-11 2.032121e-10 1.240035e-09 5.666971e-09 2.067216e-08 6.465712e-08 1.846872e-07 5.007075e-07 1.305026e-06 3.261304e-06 7.759869e-06 1.752382e-05 3.767845e-05 7.749759e-05 1.522534e-04 2.823463e-04 4.838278e-04 7.452546e-04 9.997189e-04 1.127609e-03 1.028991e-03 7.292817e-04 3.853913e-04 1.461903e-04 3.849915e-05 6.844526e-06 8.029672e-07 6.034850e-08 2.784538e-09 6.412130e-11
1.877826e-07 1.655285e-06 9.225356e-06 3.395719e-05 8.770093e-05 1.728281e-04 2.877315e-04 4.430552e-04 6.615076e-04 9.631294e-04 1.354223e-03 1.831849e-03 2.396330e-03 3.032780e-03 3.647602e-03 4.024865e-03 3.898606e-03 3.158325e-03 2.030409e-03 9.793795e-04 3.350864e-04 7.720499e-05 1.145508e-05 1.055143e-06 5.860877e-08 1.919242e-09 3.641421e-11 3.942131e-13 2.383595e-15 7.165682e-18
2.617849e-07 1.207721e-06 4.115563e-06 1.079550e-05 2.301749e-05 4.256400e-05 7.260997e-05 1.189985e-04 1.898825e-04 2.935262e-04 4.346942e-04 6.112600e-04 8.125633e-04 1.017135e-03 1.187389e-03 1.269351e-03 1.212360e-03 1.006911e-03 7.082440e-04 4.116991e-04 1.934153e-04 7.194496e-05 2.078272e-05 4.575195e-06 7.532282e-07 9.098591e-08 7.912383e-09 4.807516e-10 1.949793e-11 4.263372e-13
7.019202e-09 3.845002e-08 1.642865e-07 5.637590e-07 1.615383e-06 4.050646e-06 9.313708e-06 2.031428e-05 4.263515e-05 8.610077e-05 1.666525e-04 3.083611e-04 5.435017e-04 9.036841e-04 1.392098e-03 1.939440e-03 2.379861e-03 2.505883e-03 2.209042e-03 1.593555e-03 9.212974e-04 4.189809e-04 1.474458e-04 3.958942e-05 8.013454e-06 1.210488e-06 1.353057e-07 1.091859e-08 6.120479e-10 1.893859e-11
4.679539e-14 5.855459e-12 2.020275e-10 2.460326e-09 1.535911e-08 6.735622e-08 2.359438e-07 7.378004e-07 2.210353e-06 6.311919e-06 1.699904e-05 4.248536e-05 9.818452e-05 2.126327e-04 4.353696e-04 8.347792e-04 1.454903e-03 2.200249e-03 2.724530e-03 2.575681e-03 1.690667e-03 6.663107e-04 1.272961e-04 9.145518e-06 1.963266e-07 1.074293e-09 1.370712e-12 3.897734e-16 2.413433e-20 3.156609e-25
4.789057e-07 7.395055e-06 6.584914e-05 3.502030e-04 1.159422e-03 2.521005e-03 3.888352e-03 4.732443e-03 5.093024e-03 5.228736e-03 5.237061e-03 5.077222e-03 4.703897e-03 4.153516e-03 3.511981e-03 2.823741e-03 2.094815e-03 1.370559e-03 7.537067e-04 3.327551e-04 1.128624e-04 2.812650e-05 4.909991e-06 5.702695e-07 4.181396e-08 1.843114e-09 4.684142e-11 6.625277e-13 5.026294e-15 1.796574e-17
6.054820e-08 2.549005e-07 8.444473e-07 2.270741e-06 5.158965e-06 1.037900e-05 1.935431e-05 3.457007e-05 5.997618e-05 1.009548e-04 1.636579e-04 2.537933e-04 3.749830e-04 5.259511e-04 6.951946e-04 8.545812e-04 9.593079e-04 9.632562e-04 8.474560e-04 6.407098e-04 4.089533e-04 2.168160e-04 9.403937e-05 3.288533e-05 9.141203e-06 1.991973e-06 3.357457e-07 4.219857e-08 3.759644e-09 1.808539e-10
7.224385e-09 6.316214e-08 3.620521e-07 1.431663e-06 4.172282e-06 9.737303e-06 1.989323e-05 3.811627e-05 7.070437e-05 1.272927e-04 2.199612e-04 3.600132e-04 5.537708e-04 7.989068e-04 1.077009e-03 1.339042e-03 1.498850e-03 1.464131e-03 1.207003e-03 8.125795e-04 4.330585e-04 1.774210e-04 5.431734e-05 1.207736e-05 1.892939e-06 2.026108e-07 1.433327e-08 6.448703e-10 1.752835e-11 2.379294e-13
6.204098e-10 4.155830e-09 2.004609e-08 7.316993e-08 2.155079e-07 5.515027e-07 1.310882e-06 3.013398e-06 6.773523e-06 1.478723e-05 3.098784e-05 6.183249e-05 1.171761e-04 2.104847e-04 3.555723e-04 5.554910e-04 7.835299e-04 9.706373e-04 1.026521e-03 9.015908e-04 6.402956e-04 3.580575e-04 1.534371e-04 4.899574e-05 1.133464e-05 1.848932e-06 2.074743e-07 1.548667e-08 7.334951e-10 1.776719e-11
1.517005e-04 5.412017e-04 1.445463e-03 2.972737e-03 4.895943e-03 6.797234e-03 8.425697e-03 9.793622e-03 1.096631e-02 1.189433e-02 1.244864e-02 1.253924e-02 1.215069e-02 1.126971e-02 9.847433e-03 7.901004e-03 5.649964e-03 3.496861e-03 1.822776e-03 7.800639e-04 2.674772e-04 7.178353e-05 1.474675e-05 2.272061e-06 2.578048e-07 2.120730e-08 1.248111e-09 5.146234e-11 1.436630e-12 2.248262e-14
5.877553e-12 1.747145e-10 2.848560e-09 2.684001e-08 1.566935e-07 6.233987e-07 1.913460e-06 5.149017e-06 1.318926e-05 3.285684e-05 7.862439e-05 1.776524e-04 3.769963e-04 7.535901e-04 1.409796e-03 2.403337e-03 3.576749e-03 4.419606e-03 4.302445e-03 3.123847e-03 1.594651e-03 5.373285e-04 1.121679e-04 1.367948e-05 9.268354e-07 3.350074e-08 6.261304e-10 5.904863e-12 2.739211e-14 5.623213e-17
1.250657e-04 5.865213e-04 1.891936e-03 4.320779e-03 7.266671e-03 9.508551e-03 1.039884e-02 1.025268e-02 9.638471e-03 8.841930e-03 7.911645e-03 6.860040e-03 5.756905e-03 4.693179e-03 3.709343e-03 2.794848e-03 1.948441e-03 1.213729e-03 6.525157e-04 2.927487e-04 1.059676e-04 2.988315e-05 6.333322e-06 9.737718e-07 1.051408e-07 7.749993e-09 3.809561e-10 1.217558e-11 2.441561e-13 2.592588e-15
2.086689e-11 2.172235e-09 8.813035e-08 1.493289e-06 1.162674e-05 4.696848e-05 1.146215e-04 2.044005e-04 3.201332e-04 4.848226e-04 7.197537e-04 1.029308e-03 1.396138e-03 1.805299e-03 2.249659e-03 2.664436e-03 2.870265e-03 2.647878e-03 1.954431e-03 1.066341e-03 3.892575e-04 8.413555e-05 9.435173e-06 4.858422e-07 1.041686e-08 8.672410e-11 2.677167e-13 2.976088e-16 1.167937e-19 1.535671e-23
5.741070e-07 2.168571e-06 6.372087e-06 1.497706e-05 2.922089e-05 4.955020e-05 7.670262e-05 1.129088e-04 1.617310e-04 2.266864e-04 3.098529e-04 4.115539e-04 5.312211e-04 6.674696e-04 8.146002e-04 9.559670e-04 1.059904e-03 1.085882e-03 1.003615e-03 8.164295e-04 5.701141e-04 3.332326e-04 1.590520e-04 6.056418e-05 1.801482e-05 4.109741e-06 7.079827e-07 8.879974e-08 7.727433e-09 3.579303e-10
6.845205e-09 3.549472e-08 1.390269e-07 4.306989e-07 1.118646e-06 2.596198e-06 5.679319e-06 1.205511e-05 2.495212e-05 4.994917e-05 9.569993e-05 1.743497e-04 3.011421e-04 4.909559e-04 7.473437e-04 1.042830e-03 1.302842e-03 1.420735e-03 1.318977e-03 1.018257e-03 6.394356e-04 3.197971e-04 1.247463e-04 3.716581e-05 8.281329e-06 1.352051e-06 1.586548e-07 1.295829e-08 7.029709e-10 2.015997e-11
2.029782e-05 1.455690e-04 6.849002e-04 2.172640e-03 4.806989e-03 7.762739e-03 9.747002e-03 1.031350e-02 9.961488e-03 9.255728e-03 8.415538e-03 7.454672e-03 6.372667e-03 5.235459e-03 4.142946e-03 3.154527e-03 2.276882e-03 1.513413e-03 8.942737e-04 4.535049e-04 1.909655e-04 6.472279e-05 1.712282e-05 3.425803e-06 5.013018e-07 5.182965e-08 3.660458e-09 1.699052e-10 4.929138e-12 7.358817e-14
8.812201e-13 1.483249e-10 6.378281e-09 8.665737e-08 4.956079e-07 1.575692e-06 3.604970e-06 7.339333e-06 1.445923e-05 2.785911e-05 5.212782e-05 9.302261e-05 1.563299e-04 2.498958e-04 3.865550e-04 5.777724e-04 8.136480e-04 1.035234e-03 1.129160e-03 9.895873e-04 6.345900e-04 2.557442e-04 5.130717e-05 3.860318e-06 8.412956e-08 4.449303e-10 5.181618e-13 1.266425e-16 6.340701e-21 6.316895e-26
7.652877e-08 2.550464e-07 7.278451e-07 1.866677e-06 4.488741e-06 1.038551e-05 2.329582e-05 5.052403e-05 1.055660e-04 2.124232e-04 4.119396e-04 7.671833e-04 1.356714e-03 2.235581e-03 3.351186e-03 4.450409e-03 5.094484e-03 4.892703e-03 3.842552e-03 2.411100e-03 1.184412e-03 4.476776e-04 1.283263e-04 2.756399e-05 4.392779e-06 5.151660e-07 4.415854e-08 2.710986e-09 1.151916e-10 2.742789e-12
1.712644e-06 2.229120e-05 1.666083e-04 7.460947e-04 2.101085e-03 3.945402e-03 5.353699e-03 5.849175e-03 5.748327e-03 5.447524e-03 5.079259e-03 4.633661e-03 4.084883e-03 3.457474e-03 2.823610e-03 2.236546e-03 1.698218e-03 1.198139e-03 7.541540e-04 4.060733e-04 1.795068e-04 6.250755e-05 1.639954e-05 3.080566e-06 3.909168e-07 3.152700e-08 1.526148e-09 4.211383e-11 6.281886e-13 4.318173e-15
1.008791e-06 5.748062e-06 2.009725e-05 4.794398e-05 8.894348e-05 1.465208e-04 2.327252e-04 3.648309e-04 5.616850e-04 8.365631e-04 1.188397e-03 1.605596e-03 2.074338e-03 2.557507e-03 2.950568e-03 3.077314e-03 2.782293e-03 2.085849e-03 1.239022e-03 5.560499e-04 1.786577e-04 3.850265e-05 5.151214e-06 3.941273e-07 1.599202e-08 3.236948e-10 3.123890e-12 1.392245e-14 2.791268e-17 2.311007e-20
4.151658e-11 1.344736e-09 1.760199e-08 1.110180e-07 4.159205e-07 1.157501e-06 2.890962e-06 7.076134e-06 1.719648e-05 4.096588e-05 9.363024e-05 2.032536e-04 4.225421e-04 8.474673e-04 1.624931e-03 2.897714e-03 4.603758e-03 6.169203e-03 6.504045e-03 4.902793e-03 2.323497e-03 5.916234e-04 6.862725e-05 3.134141e-06 5.048227e-08 2.667109e-10 4.423723e-13 2.245423e-16 3.433523e-20 1.522916e-24
7.029798e-07 3.913291e-06 1.422067e-05 3.668787e-05 7.471468e-05 1.342463e-04 2.299631e-04 3.861017e-04 6.334048e-04 1.000513e-03 1.500774e-03 2.127558e-03 2.853818e-03 3.602613e-03 4.194425e-03 4.357809e-03 3.885138e-03 2.854779e-03 1.662058e-03 7.377457e-04 2.400953e-04 5.492718e-05 8.427353e-06 8.239635e-07 4.877654e-08 1.668839e-09 3.174944e-11 3.254364e-13 1.740614e-15 4.324521e-18
4.340626e-08 1.973932e-07 6.739987e-07 1.815557e-06 4.109599e-06 8.368376e-06 1.618970e-05 3.057822e-05 5.656566e-05 1.016387e-04 1.758518e-04 2.920509e-04 4.662047e-04 7.145326e-04 1.041067e-03 1.413962e-03 1.744754e-03 1.902010e-03 1.780732e-03 1.391874e-03 8.823513e-04 4.402259e-04 1.676402e-04 4.728544e-05 9.609156e-06 1.373068e-06 1.351628e-07 8.909135e-09 3.771747e-10 8.336596e-12
1.071791e-09 6.050171e-09 2.734939e-08 1.030489e-07 3.385994e-07 1.012482e-06 2.839218e-06 7.561496e-06 1.911874e-05 4.568458e-05 1.028173e-04 2.172881e-04 4.282281e-04 7.762223e-04 1.268382e-03 1.825245e-03 2.258770e-03 2.350035e-03 2.012747e-03 1.391660e-03 7.628221e-04 3.259645e-04 1.069345e-04 2.656349e-05 4.936127e-06 6.789178e-07 6.848789e-08 4.948358e-09 2.465664e-10 6.786818e-12
1.034611e-09 1.044977e-07 3.260286e-06 3.647633e-05 1.773872e-04 4.515317e-04 7.281256e-04 9.382551e-04 1.143671e-03 1.381624e-03 1.651975e-03 1.926471e-03 2.150721e-03 2.295247e-03 2.384918e-03 2.427652e-03 2.360465e-03 2.094450e-03 1.607035e-03 1.004592e-03 4.763195e-04 1.546448e-04 2.929620e-05 2.611082e-06 8.788617e-08 9.412790e-10 2.879015e-12 2.368212e-15 5.071469e-19 2.702765e-23
1.751172e-07 8.924760e-07 3.451033e-06 1.031850e-05 2.448044e-05 4.772491e-05 7.992191e-05 1.207041e-04 1.713959e-04 2.343705e-04 3.103872e-04 3.966146e-04 4.869162e-04 5.732039e-04 6.449757e-04 6.870011e-04 6.804713e-04 6.123692e-04 4.885094e-04 3.374251e-04 1.974723e-04 9.596554e-05 3.799601e-05 1.203578e-05 2.997859e-06 5.777458e-07 8.489217e-08 9.189168e-09 6.984877e-10 2.882748e-11
1.144181e-07 1.495990e-06 9.984031e-06 3.749638e-05 8.875973e-05 1.511826e-04 2.149325e-04 2.869183e-04 3.777811e-04 4.932786e-04 6.323713e-04 7.849743e-04 9.384918e-04 1.089336e-03 1.237738e-03 1.366888e-03 1.431567e-03 1.372485e-03 1.156563e-03 8.189011e-04 4.616214e-04 1.930654e-04 5.463759e-05 9.394319e-06 8.819686e-07 4.129543e-08 9.004492e-10 8.709117e-12 3.594756e-14 5.710319e-17
3.102972e-05 1.355961e-04 3.538880e-04 6.534458e-04 1.017964e-03 1.508401e-03 2.206800e-03 3.182533e-03 4.458431e-03 5.963962e-03 7.577971e-03 9.212105e-03 1.072797e-02 1.174874e-02 1.166506e-02 1.001978e-02 7.073317e-03 3.887715e-03 1.567398e-03 4.307075e-04 7.307739e-05 6.752047e-06 2.973959e-07 5.566586e-09 4.072141e-11 1.102599e-13 1.069089e-16 3.639869e-20 4.296953e-24 1.694920e-28
5.182088e-06 1.578539e-05 3.660631e-05 7.300555e-05 1.374095e-04 2.538963e-04 4.615731e-04 8.154051e-04 1.382664e-03 2.246333e-03 3.518752e-03 5.320529e-03 7.661118e-03 1.021974e-02 1.217969e-02 1.244572e-02 1.041534e-02 6.766668e-03 3.203876e-03 1.030052e-03 2.093262e-04 2.519392e-05 1.701266e-06 6.179016e-08 1.169625e-09 1.127797e-11 5.450324e-14 1.304585e-16 1.527201e-19 8.132446e-23
2.718690e-04 7.531636e-04 1.541812e-03 2.463718e-03 3.299866e-03 3.993088e-03 4.613148e-03 5.205794e-03 5.734521e-03 6.116737e-03 6.293047e-03 6.262649e-03 6.038918e-03 5.586650e-03 4.842059e-03 3.809913e-03 2.632732e-03 1.546608e-03 7.477780e-04 2.877552e-04 8.508334e-05 1.864896e-05 2.927422e-06 3.190615e-07 2.351677e-08 1.147246e-09 3.641579e-11 7.386971e-13 9.315325e-15 6.301024e-17
2.862827e-07 1.146356e-06 3.558095e-06 8.974893e-06 1.950059e-05 3.870711e-05 7.323558e-05 1.343745e-04 2.387555e-04 4.081003e-04 6.690653e-04 1.052590e-03 1.584547e-03 2.254521e-03 2.965648e-03 3.508086e-03 3.623688e-03 3.174310e-03 2.290973e-03 1.324086e-03 5.962351e-04 2.038960e-04 5.175244e-05 9.558188e-06 1.263282e-06 1.178468e-07 7.672393e-09 3.419801e-10 1.009992e-11 1.637811e-13
6.739687e-07 5.777204e-06 3.020700e-05 1.010774e-04 2.294760e-04 3.820201e-04 5.161246e-04 6.280627e-04 7.370599e-04 8.532161e-04 9.714021e-04 1.076085e-03 1.152300e-03 1.198402e-03 1.221812e-03 1.219272e-03 1.168363e-03 1.042250e-03 8.352291e-04 5.788076e-04 3.323026e-04 1.500856e-04 5.012142e-05 1.156488e-05 1.727057e-06 1.577891e-07 8.433663e-09 2.539337e-10 4.132588e-12 3.116475e-14
4.142682e-05 1.610416e-04 4.301264e-04 8.537198e-04 1.388734e-03 2.039356e-03 2.876462e-03 3.969797e-03 5.324175e-03 6.845780e-03 8.370347e-03 9.731284e-03 1.074217e-02 1.110034e-02 1.043177e-02 8.590108e-03 5.960720e-03 3.356087e-03 1.478556e-03 4.916300e-04 1.187956e-04 2.002449e-05 2.254930e-06 1.625144e-07 7.207952e-09 1.903023e-10 2.912191e-12 2.526499e-14 1.211470e-16 2.867841e-19
3.211069e-08 1.460581e-07 5.278873e-07 1.583520e-06 4.152431e-06 1.000884e-05 2.295247e-05 5.068596e-05 1.073687e-04 2.163437e-04 4.121083e-04 7.388894e-04 1.237786e-03 1.910017e-03 2.659104e-03 3.260454e-03 3.436930e-03 3.045395e-03 2.222377e-03 1.310883e-03 6.141721e-04 2.247957e-04 6.326857e-05 1.348987e-05 2.149051e-06 2.526256e-07 2.167191e-08 1.325617e-09 5.567954e-11 1.299266e-12
1.133019e-09 6.657184e-09 3.055984e-08 1.140201e-07 3.633179e-07 1.041980e-06 2.804435e-06 7.230714e-06 1.789928e-05 4.235532e-05 9.555427e-05 2.052497e-04 4.173173e-04 7.913345e-04 1.367236e-03 2.092734e-03 2.755380e-03 3.031933e-03 2.713364e-03 1.926303e-03 1.061092e-03 4.449131e-04 1.397139e-04 3.241494e-05 5.493905e-06 6.738557e-07 5.934798e-08 3.677673e-09 1.548940e-10 3.598417e-12
1.522486e-09 7.279605e-09 2.773233e-08 8.758890e-08 2.406483e-07 6.043430e-07 1.442361e-06 3.336727e-06 7.497500e-06 1.624979e-05 3.371328e-05 6.665410e-05 1.252674e-04 2.227700e-04 3.711445e-04 5.701531e-04 7.917313e-04 9.728744e-04 1.035951e-03 9.371761e-04 7.069514e-04 4.367943e-04 2.172320e-04 8.549421e-05 2.619153e-05 6.149367e-06 1.090754e-06 1.409869e-07 1.263800e-08 6.009997e-10
4.353728e-09 7.632394e-08 7.945151e-07 5.078519e-06 2.081215e-05 5.799378e-05 1.193397e-04 2.015030e-04 3.089206e-04 4.561846e-04 6.563967e-04 9.104647e-04 1.206914e-03 1.532120e-03 1.866281e-03 2.149758e-03 2.263361e-03 2.083799e-03 1.601009e-03 9.787143e-04 4.527631e-04 1.503080e-04 3.393435e-05 4.953344e-06 4.473166e-07 2.410135e-08 7.529179e-10 1.330384e-11 1.290223e-13 6.012200e-16
3.206678e-09 1.906034e-08 8.516693e-08 2.950548e-07 8.263129e-07 1.971731e-06 4.242961e-06 8.627800e-06 1.699227e-05 3.253796e-05 6.024236e-05 1.073487e-04 1.839828e-04 3.029945e-04 4.759646e-04 7.015904e-04 9.479751e-04 1.143002e-03 1.196002e-03 1.056197e-03 7.658497e-04 4.439892e-04 2.007176e-04 6.917586e-05 1.781806e-05 3.372379e-06 4.623819e-07 4.457345e-08 2.892665e-09 9.961739e-11
1.476958e-09 7.809754e-09 3.236182e-08 1.096544e-07 3.201860e-07 8.506779e-07 2.144308e-06 5.227902e-06 1.232776e-05 2.790239e-05 6.024524e-05 1.237176e-04 2.406834e-04 4.391718e-04 7.385230e-04 1.118532e-03 1.487958e-03 1.695867e-03 1.617093e-03 1.261252e-03 7.874140e-04 3.854702e-04 1.451354e-04 4.129210e-05 8.738114e-06 1.356599e-06 1.527061e-07 1.214315e-08 6.553167e-10 1.914956e-11
2.907005e-08 2.768065e-07 1.720479e-06 7.201565e-06 2.114355e-05 4.609548e-05 8.067740e-05 1.239326e-04 1.795646e-04 2.537719e-04 3.505560e-04 4.683422e-04 6.001230e-04 7.379614e-04 8.740858e-04 9.912230e-04 1.052958e-03 1.014114e-03 8.539996e-04 6.064138e-04 3.501502e-04 1.582959e-04 5.380414e-05 1.317941e-05 2.231910e-06 2.516373e-07 1.829194e-08 8.295169e-10 2.248560e-11 3.039458e-13
1.499864e-10 3.875276e-09 4.924477e-08 3.352915e-07 1.365101e-06 3.819586e-06 8.630935e-06 1.798989e-05 3.666844e-05 7.337298e-05 1.417879e-04 2.606905e-04 4.562626e-04 7.666129e-04 1.231650e-03 1.844740e-03 2.470357e-03 2.810877e-03 2.564749e-03 1.751873e-03 8.235829e-04 2.418690e-04 4.017953e-05 3.451506e-06 1.425164e-07 2.677621e-09 2.202004e-11 7.717707e-14 1.128216e-16 6.382578e-20
9.700994e-07 3.236466e-06 8.135911e-06 1.768656e-05 3.661628e-05 7.481678e-05 1.509060e-04 2.965897e-04 5.608984e-04 1.020157e-03 1.800935e-03 3.100261e-03 5.156664e-03 8.099180e-03 1.161965e-02 1.460520e-02 1.524411e-02 1.231211e-02 7.060203e-03 2.618291e-03 5.738198e-04 6.871225e-05 4.222136e-06 1.269734e-07 1.806126e-09 1.186555e-11 3.542083e-14 4.750903e-17 2.833335e-20 7.087193e-24
2.256982e-05 7.999908e-05 2.148084e-04 4.498066e-04 7.640129e-04 1.106717e-03 1.444040e-03 1.776451e-03 2.111977e-03 2.437138e-03 2.714876e-03 2.903615e-03 2.974285e-03 2.908030e-03 2.686019e-03 2.299230e-03 1.779003e-03 1.211927e-03 7.090881e-04 3.483621e-04 1.407557e-04 4.586939e-05 1.183046e-05 2.370785e-06 3.626133e-07 4.162326e-08 3.530755e-09 2.153486e-10 9.060581e-12 2.119672e-13
4.670442e-06 2.270210e-05 8.017826e-05 2.118360e-04 4.358496e-04 7.364984e-04 1.087585e-03 1.485450e-03 1.943056e-03 2.457652e-03 2.993723e-03 3.495649e-03 3.908333e-03 4.172680e-03 4.203330e-03 3.903995e-03 3.245580e-03 2.341796e-03 1.424055e-03 7.099701e-04 2.826295e-04 8.756400e-05 2.059855e-05 3.594831e-06 4.557406e-07 4.120518e-08 2.615582e-09 1.139344e-10 3.285931e-12 5.192348e-14
3.054387e-07 1.514376e-06 5.638332e-06 1.616122e-05 3.688741e-05 7.010337e-05 1.169726e-04 1.803718e-04 2.662845e-04 3.813286e-04 5.281118e-04 7.015786e-04 8.885231e-04 1.068867e-03 1.214559e-03 1.287799e-03 1.249439e-03 1.083072e-03 8.185303e-04 5.270909e-04 2.832771e-04 1.247063e-04 4.420084e-05 1.240919e-05 2.716081e-06 4.563360e-07 5.797150e-08 5.389839e-09 3.494965e-10 1.235156e-11
9.554375e-06 5.183310e-05 1.803385e-04 4.262812e-04 7.411014e-04 1.052218e-03 1.354843e-03 1.687787e-03 2.071903e-03 2.491244e-03 2.895061e-03 3.223148e-03 3.444536e-03 3.550007e-03 3.500131e-03 3.217193e-03 2.657548e-03 1.895944e-03 1.122908e-03 5.309164e-04 1.924197e-04 5.111698e-05 9.461236e-06 1.155029e-06 8.812810e-08 4.006552e-09 1.043876e-10 1.509428e-12 1.170901e-14 4.287848e-17
6.409675e-08 4.350156e-07 2.018842e-06 6.605612e-06 1.586109e-05 2.951831e-05 4.573040e-05 6.375574e-05 8.501140e-05 1.114905e-04 1.440399e-04 1.816329e-04 2.218050e-04 2.621162e-04 3.006205e-04 3.335806e-04 3.526916e-04 3.463353e-04 3.064441e-04 2.368141e-04 1.549248e-04 8.309727e-05 3.532085e-05 1.147464e-05 2.745808e-06 4.671960e-07 5.477061e-08 4.256482e-09 2.083982e-10 5.165662e-12
1.204163e-09 1.153082e-08 7.457344e-08 3.420787e-07 1.190365e-06 3.419200e-06 8.819980e-06 2.160395e-05 5.105624e-05 1.153186e-04 2.452673e-04 4.867592e-04 8.971006e-04 1.520507e-03 2.319992e-03 3.087899e-03 3.459213e-03 3.148574e-03 2.253625e-03 1.230890e-03 4.986266e-04 1.456897e-04 2.985554e-05 4.173210e-06 3.873685e-07 2.329602e-08 8.882638e-10 2.099095e-11 2.976711e-13 2.175358e-15
8.575489e-10 8.593903e-09 5.572612e-08 2.454697e-07 7.843137e-07 1.983396e-06 4.376251e-06 9.093159e-06 1.841008e-05 3.637812e-05 6.935877e-05 1.263646e-04 2.200259e-04 3.683526e-04 5.924464e-04 9.010713e-04 1.259260e-03 1.560490e-03 1.649309e-03 1.425198e-03 9.604387e-04 4.791288e-04 1.676736e-04 3.912959e-05 5.827726e-06 5.343884e-07 2.932870e-08 9.382310e-10 1.690092e-11 1.466687e-13
6.232806e-08 3.774513e-07 1.701858e-06 5.845625e-06 1.576597e-05 3.471215e-05 6.533453e-05 1.101593e-04 1.726686e-04 2.567397e-04 3.639413e-04 4.906935e-04 6.278469e-04 7.625364e-04 8.783496e-04 9.522603e-04 9.554696e-04 8.667138e-04 6.927679e-04 4.759133e-04 2.745412e-04 1.301318e-04 4.964042e-05 1.493593e-05 3.476662e-06 6.147357e-07 8.119644e-08 7.749185e-09 5.095852e-10 1.807629e-11
7.944203e-10 6.344967e-09 3.685322e-08 1.608595e-07 5.519114e-07 1.577278e-06 4.000773e-06 9.487738e-06 2.158861e-05 4.719490e-05 9.810472e-05 1.919474e-04 3.513749e-04 5.986096e-04 9.387364e-04 1.328957e-03 1.655211e-03 1.763993e-03 1.566204e-03 1.130722e-03 6.494111e-04 2.908397e-04 9.967550e-05 2.567039e-05 4.880531e-06 6.732704e-07 6.629238e-08 4.530880e-09 2.058334e-10 5.005296e-12
1.451657e-05 6.339130e-05 2.054323e-04 5.024807e-04 9.485509e-04 1.424996e-03 1.776266e-03 1.934728e-03 1.941587e-03 1.868621e-03 1.757665e-03 1.619135e-03 1.454212e-03 1.270179e-03 1.080800e-03 8.973385e-04 7.227901e-04 5.558357e-04 3.987105e-04 2.600391e-04 1.503874e-04 7.528931e-05 3.186522e-05 1.113121e-05 3.132058e-06 6.929853e-07 1.178539e-07 1.476124e-08 1.287283e-09 5.962226e-11
3.093641e-06 1.359231e-05 4.494231e-05 1.144823e-04 2.320675e-04 3.910425e-04 5.773900e-04 7.867276e-04 1.025768e-03 1.297783e-03 1.589545e-03 1.870829e-03 2.105009e-03 2.258628e-03 2.299421e-03 2.192945e-03 1.918702e-03 1.501871e-03 1.025385e-03 5.964710e-04 2.894542e-04 1.149593e-04 3.670595e-05 9.262641e-06 1.816770e-06 2.725041e-07 3.077429e-08 2.536313e-09 1.456160e-10 4.592734e-12
9.396430e-10 1.190101e-08 9.351842e-08 4.816815e-07 1.750804e-06 4.937993e-06 1.197828e-05 2.704704e-05 5.883125e-05 1.232314e-04 2.451916e-04 4.583076e-04 8.025024e-04 1.313672e-03 1.984857e-03 2.693483e-03 3.162973e-03 3.086520e-03 2.405035e-03 1.440233e-03 6.382543e-04 2.013038e-04 4.336589e-05 6.117221e-06 5.424385e-07 2.914506e-08 9.197872e-10 1.658100e-11 1.651768e-13 7.932859e-16
9.038631e-11 1.270050e-09 1.037747e-08 5.301087e-08 1.858238e-07 5.013172e-07 1.174628e-06 2.613510e-06 5.729560e-06 1.240009e-05 2.617398e-05 5.321575e-05 1.039673e-04 1.964506e-04 3.603298e-04 6.364216e-04 1.060254e-03 1.616082e-03 2.170268e-03 2.453273e-03 2.206295e-03 1.475705e-03 6.819083e-04 2.023542e-04 3.610386e-05 3.666159e-06 2.029143e-07 5.905662e-09 8.694092e-11 5.602067e-13
4.587790e-06 1.111547e-05 2.414516e-05 4.931494e-05 9.759530e-05 1.889168e-04 3.564350e-04 6.514703e-04 1.150410e-03 1.963983e-03 3.239015e-03 5.123225e-03 7.655186e-03 1.058072e-02 1.320621e-02 1.451408e-02 1.368950e-02 1.079806e-02 6.944130e-03 3.553868e-03 1.415797e-03 4.305943e-04 9.832859e-05 1.662601e-05 2.057753e-06 1.846670e-07 1.192371e-08 5.441574e-10 1.700616e-11 3.000652e-13
2.946331e-08 2.578484e-07 1.473735e-06 5.736488e-06 1.606560e-05 3.476502e-05 6.322385e-05 1.044817e-04 1.648050e-04 2.521721e-04 3.729985e-04 5.287008e-04 7.153727e-04 9.269210e-04 1.152783e-03 1.364321e-03 1.502955e-03 1.494083e-03 1.294998e-03 9.448806e-04 5.598488e-04 2.592704e-04 9.005841e-05 2.247325e-05 3.862179e-06 4.398730e-07 3.212970e-08 1.455282e-09 3.914705e-11 5.218602e-13
1.451657e-05 6.339130e-05 2.054323e-04 5.024807e-04 9.485509e-04 1.424996e-03 1.776266e-03 1.934728e-03 1.941587e-03 1.868621e-03 1.757665e-03 1.619135e-03 1.454212e-03 1.270179e-03 1.080800e-03 8.973385e-04 7.227901e-04 5.558357e-04 3.987105e-04 2.600391e-04 1.503874e-04 7.528931e-05 3.186522e-05 1.113121e-05 3.132058e-06 6.929853e-07 1.178539e-07 1.476124e-08 1.287283e-09 5.962226e-11
1.797653e-07 7.444962e-07 2.389322e-06 6.155928e-06 1.333991e-05 2.567030e-05 4.613258e-05 7.999125e-05 1.352494e-04 2.221516e-04 3.519084e-04 5.355103e-04 7.825360e-04 1.095932e-03 1.457468e-03 1.808130e-03 2.044337e-03 2.054457e-03 1.790659e-03 1.322237e-03 8.085775e-04 4.004434e-04 1.571085e-04 4.780261e-05 1.105753e-05 1.910055e-06 2.425774e-07 2.196939e-08 1.357108e-09 4.511561e-11
1.582114e-12 7.384775e-10 6.642642e-08 1.392809e-06 9.368673e-06 2.934395e-05 5.861345e-05 9.767242e-05 1.572435e-04 2.509119e-04 3.945198e-04 5.999265e-04 8.635009e-04 1.174224e-03 1.526692e-03 1.894235e-03 2.182265e-03 2.224146e-03 1.886590e-03 1.243225e-03 5.881327e-04 1.799478e-04 3.004600e-05 2.064246e-06 4.104237e-08 1.772000e-10 1.413475e-13 1.933941e-17 4.389875e-22 1.608274e-27
6.142863e-06 2.389510e-05 7.135474e-05 1.666285e-04 3.122229e-04 4.862219e-04 6.577538e-04 8.103172e-04 9.449598e-04 1.065355e-03 1.166840e-03 1.238960e-03 1.274149e-03 1.270943e-03 1.228050e-03 1.138188e-03 9.926290e-04 7.948191e-04 5.695001e-04 3.561603e-04 1.898162e-04 8.423397e-05 3.043645e-05 8.768064e-06 1.975561e-06 3.423265e-07 4.496939e-08 4.338077e-09 2.938088e-10 1.091285e-11
2.294717e-08 1.988718e-07 1.116443e-06 4.277966e-06 1.200451e-05 2.701136e-05 5.367061e-05 1.010429e-04 1.851728e-04 3.290214e-04 5.585106e-04 8.954524e-04 1.351222e-03 1.913786e-03 2.511619e-03 2.974296e-03 3.067432e-03 2.652015e-03 1.852358e-03 1.009460e-03 4.151190e-04 1.245874e-04 2.635723e-05 3.790197e-06 3.571462e-07 2.129998e-08 7.796596e-10 1.700886e-11 2.132742e-13 1.325621e-15
1.544069e-07 1.445301e-06 8.823999e-06 3.614699e-05 1.031393e-04 2.161414e-04 3.581572e-04 5.122741e-04 6.820316e-04 8.785753e-04 1.100033e-03 1.325856e-03 1.527786e-03 1.685099e-03 1.779981e-03 1.777141e-03 1.628609e-03 1.319212e-03 9.086288e-04 5.127230e-04 2.285924e-04 7.761538e-05 1.932188e-05 3.394515e-06 4.058444e-07 3.196833e-08 1.614252e-09 5.082678e-11 9.616689e-13 9.273107e-15
8.592792e-09 4.067201e-08 1.510043e-07 4.583114e-07 1.197560e-06 2.846029e-06 6.426278e-06 1.408567e-05 3.002808e-05 6.191065e-05 1.229942e-04 2.353188e-04 4.325292e-04 7.562073e-04 1.234183e-03 1.833883e-03 2.412631e-03 2.730587e-03 2.584015e-03 1.989274e-03 1.214406e-03 5.745702e-04 2.065223e-04 5.544671e-05 1.096262e-05 1.577532e-06 1.636245e-07 1.194948e-08 5.918750e-10 1.597086e-11
7.119561e-09 6.365695e-08 3.630784e-07 1.394414e-06 3.865336e-06 8.457519e-06 1.614656e-05 2.913823e-05 5.157551e-05 8.982487e-05 1.521027e-04 2.468072e-04 3.805957e-04 5.573527e-04 7.738707e-04 1.006651e-03 1.197183e-03 1.260073e-03 1.132844e-03 8.396720e-04 4.958164e-04 2.255248e-04 7.634080e-05 1.852974e-05 3.096468e-06 3.413161e-07 2.380124e-08 1.005716e-09 2.445130e-11 2.854873e-13
3.769182e-08 5.526563e-07 3.878560e-06 1.511597e-05 3.897812e-05 8.079130e-05 1.560305e-04 2.961693e-04 5.522552e-04 9.930141e-04 1.691132e-03 2.725510e-03 4.194723e-03 6.134898e-03 8.281583e-03 9.843670e-03 9.738378e-03 7.539005e-03 4.255609e-03 1.601845e-03 3.581522e-04 4.159506e-05 2.202111e-06 4.774623e-08 3.927060e-10 1.165706e-12 1.211088e-15 4.322782e-19 5.236732e-23 2.075536e-27
3.760912e-09 3.803094e-08 2.611406e-07 1.247497e-06 4.285360e-06 1.109316e-05 2.307648e-05 4.163882e-05 6.975961e-05 1.126831e-04 1.766119e-04 2.665835e-04 3.855826e-04 5.350460e-04 7.113959e-04 8.936355e-04 1.031296e-03 1.055427e-03 9.231274e-04 6.652548e-04 3.808539e-04 1.670189e-04 5.416204e-05 1.257230e-05 2.030157e-06 2.226397e-07 1.625889e-08 7.716127e-10 2.293716e-11 3.547859e-13
2.232763e-06 1.759796e-05 9.326997e-05 3.397926e-04 8.764937e-04 1.669945e-03 2.495003e-03 3.152722e-03 3.628684e-03 3.989664e-03 4.247703e-03 4.360309e-03 4.299434e-03 4.078220e-03 3.708810e-03 3.172695e-03 2.468697e-03 1.680118e-03 9.623023e-04 4.471509e-04 1.626477e-04 4.470596e-05 8.973652e-06 1.274423e-06 1.245316e-07 8.177665e-09 3.539835e-10 9.887433e-12 1.726097e-13 1.601966e-15
9.511713e-09 4.531987e-08 1.695538e-07 5.246090e-07 1.424627e-06 3.585875e-06 8.661305e-06 2.028243e-05 4.575986e-05 9.831471e-05 1.992066e-04 3.782769e-04 6.690909e-04 1.091169e-03 1.614409e-03 2.122213e-03 2.422384e-03 2.346766e-03 1.888856e-03 1.238728e-03 6.502904e-04 2.688353e-04 8.617463e-05 2.109765e-05 3.886432e-06 5.307166e-07 5.294392e-08 3.751530e-09 1.807046e-10 4.733344e-12
1.785114e-06 5.575244e-06 1.412212e-05 3.022750e-05 5.739875e-05 1.013594e-04 1.720477e-04 2.844592e-04 4.577306e-04 7.135477e-04 1.075751e-03 1.569787e-03 2.212935e-03 2.984373e-03 3.781053e-03 4.396350e-03 4.574125e-03 4.151241e-03 3.204213e-03 2.051937e-03 1.064557e-03 4.376789e-04 1.398228e-04 3.412429e-05 6.272058e-06 8.579937e-07 8.651118e-08 6.276576e-09 3.155075e-10 8.795591e-12
9.358069e-08 5.684389e-07 2.507774e-06 8.253781e-06 2.102119e-05 4.351303e-05 7.772457e-05 1.271557e-04 1.987006e-04 3.013703e-04 4.423615e-04 6.229013e-04 8.364108e-04 1.068188e-03 1.291168e-03 1.458008e-03 1.504770e-03 1.381768e-03 1.098161e-03 7.360004e-04 4.061726e-04 1.805226e-04 6.325941e-05 1.711800e-05 3.504274e-06 5.319837e-07 5.877496e-08 4.578162e-09 2.399681e-10 6.738909e-12
1.038185e-08 8.227951e-08 4.364312e-07 1.631528e-06 4.605595e-06 1.069650e-05 2.229596e-05 4.432444e-05 8.593697e-05 1.618039e-04 2.919801e-04 5.000750e-04 8.106012e-04 1.240907e-03 1.775186e-03 2.320756e-03 2.688530e-03 2.667216e-03 2.190244e-03 1.440967e-03 7.358111e-04 2.824142e-04 7.878903e-05 1.543112e-05 2.049419e-06 1.786670e-07 9.935011e-09 3.420159e-10 7.007662e-12 7.218386e-14
4.508440e-11 8.129865e-10 8.719463e-09 5.847576e-08 2.624749e-07 8.650106e-07 2.342905e-06 5.778031e-06 1.371758e-05 3.161543e-05 6.981318e-05 1.459957e-04 2.889484e-04 5.424241e-04 9.561489e-04 1.538842e-03 2.171105e-03 2.564314e-03 2.415939e-03 1.725511e-03 8.850254e-04 3.083173e-04 6.913903e-05 9.510916e-06 7.706247e-07 3.559074e-08 9.132241e-10 1.273982e-11 9.412738e-14 3.262977e-16
7.595920e-06 3.950826e-05 1.491795e-04 4.156346e-04 8.727847e-04 1.422323e-03 1.873700e-03 2.104208e-03 2.135796e-03 2.056692e-03 1.928425e-03 1.769734e-03 1.583162e-03 1.376799e-03 1.166239e-03 9.637503e-04 7.715119e-04 5.872209e-04 4.139330e-04 2.626909e-04 1.460144e-04 6.921809e-05 2.725150e-05 8.673866e-06 2.172666e-06 4.173537e-07 6.004799e-08 6.222301e-09 4.405409e-10 1.657518e-11
6.609318e-08 4.377733e-07 1.941740e-06 6.041188e-06 1.401941e-05 2.630321e-05 4.363058e-05 6.865159e-05 1.058733e-04 1.605618e-04 2.371927e-04 3.378920e-04 4.629335e-04 6.126983e-04 7.847724e-04 9.628186e-04 1.105724e-03 1.152984e-03 1.056020e-03 8.210055e-04 5.226465e-04 2.618394e-04 9.877256e-05 2.676640e-05 4.976185e-06 6.089834e-07 4.739114e-08 2.265515e-09 6.368650e-11 8.778521e-13
2.193433e-06 1.852470e-05 8.184904e-05 2.151157e-04 3.911197e-04 5.876999e-04 8.336111e-04 1.168131e-03 1.619126e-03 2.191880e-03 2.852083e-03 3.554727e-03 4.298790e-03 5.087933e-03 5.812924e-03 6.200967e-03 5.917370e-03 4.814690e-03 3.159650e-03 1.554659e-03 5.171540e-04 1.016796e-04 1.023916e-05 4.658601e-07 8.714144e-09 6.287429e-11 1.680934e-13 1.624877e-16 5.586956e-20 6.507902e-24
1.138500e-08 1.189014e-07 7.949198e-07 3.540638e-06 1.107952e-05 2.617692e-05 5.112009e-05 9.027473e-05 1.528646e-04 2.526476e-04 4.046631e-04 6.201493e-04 9.034654e-04 1.251759e-03 1.644633e-03 2.016298e-03 2.239470e-03 2.172624e-03 1.772890e-03 1.173051e-03 6.071716e-04 2.370260e-04 6.716195e-05 1.327499e-05 1.760017e-06 1.509681e-07 8.120203e-09 2.655477e-10 5.075680e-12 4.809408e-14
3.386807e-10 4.418045e-08 1.589640e-06 1.871899e-05 9.177949e-05 2.373725e-04 4.007736e-04 5.566664e-04 7.395787e-04 9.727125e-04 1.262271e-03 1.593068e-03 1.914015e-03 2.164397e-03 2.321275e-03 2.374113e-03 2.269989e-03 1.942205e-03 1.405599e-03 8.084606e-04 3.455843e-04 1.020147e-04 1.907260e-05 1.999815e-06 9.752647e-08 1.745551e-09 9.278548e-12 1.276882e-14 4.227867e-18 3.157843e-22
2.048126e-09 1.893208e-08 1.211004e-07 5.552230e-07 1.916987e-06 5.327501e-06 1.287385e-05 2.891220e-05 6.246786e-05 1.302984e-04 2.600191e-04 4.935064e-04 8.902689e-04 1.520025e-03 2.415934e-03 3.472394e-03 4.355792e-03 4.596164e-03 3.934212e-03 2.636407e-03 1.336019e-03 4.954170e-04 1.304520e-04 2.375909e-05 2.927015e-06 2.394505e-07 1.281323e-08 4.400675e-10 9.404510e-12 1.057138e-13
2.028980e-06 1.766741e-05 1.015585e-04 3.938767e-04 1.060022e-03 2.059363e-03 3.058092e-03 3.746182e-03 4.106155e-03 4.271103e-03 4.309115e-03 4.202402e-03 3.928063e-03 3.511183e-03 3.002865e-03 2.433578e-03 1.820351e-03 1.211092e-03 6.893952e-04 3.238391e-04 1.214230e-04 3.520303e-05 7.646197e-06 1.205249e-06 1.336195e-07 1.011706e-08 5.096448e-10 1.660349e-11 3.365082e-13 3.573761e-15
1.073487e-09 7.488230e-09 3.835039e-08 1.503756e-07 4.773214e-07 1.310342e-06 3.310988e-06 8.014543e-06 1.880181e-05 4.249533e-05 9.170893e-05 1.881363e-04 3.662313e-04 6.724373e-04 1.146995e-03 1.774763e-03 2.421024e-03 2.826590e-03 2.743580e-03 2.152390e-03 1.327747e-03 6.269901e-04 2.209323e-04 5.673676e-05 1.039770e-05 1.335271e-06 1.183249e-07 7.062026e-09 2.732987e-10 5.604747e-12
1.676312e-08 7.557744e-08 2.706012e-07 8.059215e-07 2.108579e-06 5.104594e-06 1.183888e-05 2.661601e-05 5.773021e-05 1.195619e-04 2.344527e-04 4.332253e-04 7.509368e-04 1.209929e-03 1.783450e-03 2.354424e-03 2.719443e-03 2.685846e-03 2.220529e-03 1.507366e-03 8.254693e-04 3.587097e-04 1.217534e-04 3.178407e-05 6.285707e-06 9.280040e-07 1.008738e-07 7.848778e-09 4.185408e-10 1.216864e-11
4.671795e-07 5.379406e-06 3.924991e-05 1.856477e-04 5.860840e-04 1.286950e-03 2.089550e-03 2.729465e-03 3.147569e-03 3.431673e-03 3.628524e-03 3.709962e-03 3.645219e-03 3.450931e-03 3.157710e-03 2.755615e-03 2.217454e-03 1.575269e-03 9.447802e-04 4.577841e-04 1.713387e-04 4.730208e-05 9.204085e-06 1.210518e-06 1.037999e-07 5.634509e-09 1.891604e-10 3.842690e-12 4.585543e-14 2.785703e-16
7.238192e-11 3.962922e-09 8.781428e-08 8.699853e-07 4.405076e-06 1.336609e-05 2.911394e-05 5.442081e-05 9.736962e-05 1.714967e-04 2.950852e-04 4.860914e-04 7.527624e-04 1.091865e-03 1.486907e-03 1.880209e-03 2.138162e-03 2.084858e-03 1.649381e-03 9.994818e-04 4.374908e-04 1.299952e-04 2.439249e-05 2.637205e-06 1.468522e-07 3.746011e-09 3.957282e-11 1.607974e-13 2.387384e-16 1.187532e-19
4.873217e-05 2.097408e-04 6.268050e-04 1.348570e-03 2.200153e-03 2.924014e-03 3.435308e-03 3.812944e-03 4.128827e-03 4.377170e-03 4.504454e-03 4.467235e-03 4.272700e-03 3.958151e-03 3.536050e-03 2.986866e-03 2.313372e-03 1.587809e-03 9.339817e-04 4.557967e-04 1.785993e-04 5.428362e-05 1.233641e-05 2.018985e-06 2.295814e-07 1.756990e-08 8.811433e-10 2.817568e-11 5.536162e-13 5.652320e-15
1.790006e-11 5.663036e-09 3.813768e-07 6.720197e-06 4.174788e-05 1.252134e-04 2.463703e-04 4.191382e-04 6.955322e-04 1.137733e-03 1.801066e-03 2.681240e-03 3.711935e-03 4.830150e-03 5.883810e-03 6.441794e-03 5.921475e-03 4.213992e-03 2.125376e-03 6.877453e-04 1.252879e-04 1.048644e-05 3.016810e-07 2.220637e-09 3.408500e-12 9.789508e-16 4.999040e-20 4.430324e-25 6.729839e-31 1.729758e-37
9.845229e-10 2.627638e-08 3.126871e-07 1.870992e-06 6.485514e-06 1.531259e-05 2.946186e-05 5.302219e-05 9.397382e-05 1.642990e-04 2.790842e-04 4.517943e-04 6.915397e-04 1.006680e-03 1.395903e-03 1.811020e-03 2.118851e-03 2.130765e-03 1.746644e-03 1.103569e-03 5.052875e-04 1.554653e-04 2.911837e-05 2.943913e-06 1.420589e-07 2.946685e-09 2.433635e-11 7.607209e-14 8.696698e-17 3.379578e-20
1.020140e-05 2.973158e-05 6.888167e-05 1.336654e-04 2.306429e-04 3.731872e-04 5.842680e-04 8.919660e-04 1.320906e-03 1.885905e-03 2.591980e-03 3.430743e-03 4.351756e-03 5.211853e-03 5.756949e-03 5.706448e-03 4.936261e-03 3.626365e-03 2.202884e-03 1.077569e-03 4.135019e-04 1.213977e-04 2.664631e-05 4.284706e-06 4.960442e-07 4.075238e-08 2.347839e-09 9.307235e-11 2.458363e-12 3.601995e-14
7.114208e-09 3.813134e-08 1.506831e-07 4.633172e-07 1.186575e-06 2.722723e-06 5.930578e-06 1.261008e-05 2.623042e-05 5.285224e-05 1.021160e-04 1.883405e-04 3.313892e-04 5.542269e-04 8.703020e-04 1.256298e-03 1.623051e-03 1.823504e-03 1.731405e-03 1.351020e-03 8.425236e-04 4.081019e-04 1.491087e-04 3.990921e-05 7.609448e-06 1.007767e-06 9.069645e-08 5.389918e-09 2.028971e-10 3.959489e-12
1.790095e-06 5.197085e-06 1.241684e-05 2.557746e-05 4.780827e-05 8.471156e-05 1.459384e-04 2.459963e-04 4.041667e-04 6.445011e-04 9.974846e-04 1.501768e-03 2.196564e-03 3.091521e-03 4.112734e-03 5.053297e-03 5.589471e-03 5.417926e-03 4.476461e-03 3.066303e-03 1.695435e-03 7.384632e-04 2.480228e-04 6.308850e-05 1.197456e-05 1.675609e-06 1.711745e-07 1.246641e-08 6.234204e-10 1.716273e-11
8.994842e-09 4.918867e-08 2.094419e-07 7.130789e-07 2.012184e-06 4.920022e-06 1.092043e-05 2.282507e-05 4.574558e-05 8.811669e-05 1.625590e-04 2.863912e-04 4.802081e-04 7.595213e-04 1.113845e-03 1.479259e-03 1.733335e-03 1.746646e-03 1.477673e-03 1.026562e-03 5.739090e-04 2.535371e-04 8.709284e-05 2.293961e-05 4.577724e-06 6.851227e-07 7.624937e-08 6.155335e-09 3.467367e-10 1.082047e-11
4.372746e-13 2.969360e-10 3.268844e-08 7.330307e-07 4.952517e-06 1.522450e-05 2.857096e-05 4.321345e-05 6.226541e-05 8.816089e-05 1.226149e-04 1.658310e-04 2.141292e-04 2.625209e-04 3.115152e-04 3.640912e-04 4.151203e-04 4.470074e-04 4.350888e-04 3.636085e-04 2.443594e-04 1.187806e-04 3.417289e-05 4.104120e-06 1.327266e-07 8.078761e-10 7.635289e-13 1.032007e-16 1.926089e-21 4.834703e-27
2.656107e-10 3.186756e-09 2.356128e-08 1.138463e-07 3.885762e-07 1.034162e-06 2.388490e-06 5.198781e-06 1.106122e-05 2.305042e-05 4.648455e-05 8.976532e-05 1.658638e-04 2.947055e-04 5.029261e-04 8.123450e-04 1.208693e-03 1.599465e-03 1.808744e-03 1.671683e-03 1.200391e-03 6.330588e-04 2.312385e-04 5.530796e-05 8.242512e-06 7.344500e-07 3.786691e-08 1.097165e-09 1.724294e-11 1.265538e-13
7.258813e-10 1.737561e-08 2.170640e-07 1.505632e-06 6.288686e-06 1.762683e-05 3.809189e-05 7.287251e-05 1.340562e-04 2.415376e-04 4.208695e-04 6.991856e-04 1.107624e-03 1.686139e-03 2.451803e-03 3.307291e-03 3.953943e-03 3.970866e-03 3.155102e-03 1.850703e-03 7.403874e-04 1.858185e-04 2.702790e-05 2.128062e-06 8.588100e-08 1.704586e-09 1.614859e-11 7.145216e-14 1.447197e-16 1.234580e-19
1.924647e-07 1.227404e-06 5.556710e-06 1.832597e-05 4.559674e-05 8.982432e-05 1.491126e-04 2.230036e-04 3.164901e-04 4.365744e-04 5.856529e-04 7.569992e-04 9.353691e-04 1.101899e-03 1.235494e-03 1.307077e-03 1.279547e-03 1.127889e-03 8.690558e-04 5.688429e-04 3.080766e-04 1.347305e-04 4.648942e-05 1.237168e-05 2.481726e-06 3.667809e-07 3.906265e-08 2.898494e-09 1.426733e-10 3.722095e-12
7.193827e-06 3.525083e-05 1.270178e-04 3.419136e-04 7.020358e-04 1.131557e-03 1.489917e-03 1.686798e-03 1.735884e-03 1.699479e-03 1.621729e-03 1.515736e-03 1.382668e-03 1.228473e-03 1.065553e-03 9.038853e-04 7.449430e-04 5.860115e-04 4.291125e-04 2.846288e-04 1.664762e-04 8.362168e-05 3.512568e-05 1.201028e-05 3.254749e-06 6.816709e-07 1.078697e-07 1.239058e-08 9.797701e-10 4.112915e-11
2.066822e-08 1.626918e-07 8.498797e-07 3.096869e-06 8.398458e-06 1.839600e-05 3.546907e-05 6.416341e-05 1.120369e-04 1.893853e-04 3.072905e-04 4.739360e-04 6.923575e-04 9.608444e-04 1.267565e-03 1.572590e-03 1.792400e-03 1.819337e-03 1.589983e-03 1.156736e-03 6.776872e-04 3.091482e-04 1.059477e-04 2.623081e-05 4.500286e-06 5.133152e-07 3.747433e-08 1.684270e-09 4.442487e-11 5.730478e-13
8.119975e-09 8.099483e-08 4.763383e-07 1.782642e-06 4.663229e-06 9.576654e-06 1.740912e-05 3.036979e-05 5.226863e-05 8.858732e-05 1.459850e-04 2.310666e-04 3.506055e-04 5.135267e-04 7.279279e-04 9.865903e-04 1.245401e-03 1.414228e-03 1.389500e-03 1.132223e-03 7.289108e-04 3.495444e-04 1.163474e-04 2.489105e-05 3.179836e-06 2.278160e-07 8.713232e-09 1.711384e-10 1.661562e-12 6.995493e-15
1.313542e-08 5.927440e-08 2.110499e-07 6.293847e-07 1.677486e-06 4.214847e-06 1.026122e-05 2.427739e-05 5.534964e-05 1.206404e-04 2.505941e-04 4.951540e-04 9.241496e-04 1.603780e-03 2.528588e-03 3.525031e-03 4.224714e-03 4.234027e-03 3.453481e-03 2.232146e-03 1.113827e-03 4.185049e-04 1.157006e-04 2.305424e-05 3.252129e-06 3.198902e-07 2.166550e-08 9.901675e-10 2.952905e-11 4.763417e-13
4.423566e-12 3.042355e-10 6.736709e-09 5.886285e-08 2.605646e-07 7.425069e-07 1.705777e-06 3.697473e-06 7.937524e-06 1.690300e-05 3.530560e-05 7.089306e-05 1.350622e-04 2.453498e-04 4.288835e-04 7.182606e-04 1.127297e-03 1.597716e-03 1.949799e-03 1.939030e-03 1.471371e-03 7.788103e-04 2.507266e-04 4.032887e-05 2.591790e-06 5.477830e-08 3.332470e-10 5.405448e-13 2.243003e-16 2.256080e-20
4.991715e-08 3.057375e-07 1.311978e-06 4.113911e-06 9.966575e-06 2.001535e-05 3.592101e-05 6.108815e-05 1.011745e-04 1.633928e-04 2.544742e-04 3.775706e-04 5.297639e-04 7.004039e-04 8.671416e-04 9.907176e-04 1.020427e-03 9.210055e-04 7.073095e-04 4.493677e-04 2.301067e-04 9.271765e-05 2.874299e-05 6.708165e-06 1.153278e-06 1.428335e-07 1.245530e-08 7.399181e-10 2.850590e-11 5.765983e-13
4.343330e-08 3.441525e-07 1.758167e-06 6.121718e-06 1.560423e-05 3.184689e-05 5.722220e-05 9.716543e-05 1.607502e-04 2.594871e-04 4.042435e-04 6.006104e-04 8.468980e-04 1.134839e-03 1.442390e-03 1.715201e-03 1.859264e-03 1.777262e-03 1.446046e-03 9.670430e-04 5.137322e-04 2.095045e-04 6.325620e-05 1.359107e-05 1.991037e-06 1.904516e-07 1.142504e-08 4.130270e-10 8.581706e-12 8.630679e-14
6.441174e-08 5.496158e-07 2.933048e-06 1.039225e-05 2.638872e-05 5.280266e-05 9.214586e-05 1.515283e-04 2.429418e-04 3.805388e-04 5.754199e-04 8.280999e-04 1.124950e-03 1.440140e-03 1.730991e-03 1.925588e-03 1.931023e-03 1.687666e-03 1.239644e-03 7.383967e-04 3.446904e-04 1.220356e-04 3.172499e-05 5.855671e-06 7.398971e-07 6.151065e-08 3.228958e-09 1.024517e-10 1.864183e-12 1.637494e-14
7.654322e-10 4.684650e-09 2.168878e-08 7.930344e-08 2.420232e-07 6.557016e-07 1.663017e-06 4.067705e-06 9.644249e-06 2.196679e-05 4.752280e-05 9.689194e-05 1.852598e-04 3.298874e-04 5.398970e-04 7.961288e-04 1.032706e-03 1.149393e-03 1.071817e-03 8.192826e-04 5.031868e-04 2.437506e-04 9.149230e-05 2.615236e-05 5.595933e-06 8.813768e-07 1.005487e-07 8.064310e-09 4.345450e-10 1.251879e-11
6.767720e-08 3.540726e-07 1.415304e-06 4.454587e-06 1.145219e-05 2.505862e-05 4.858321e-05 8.621038e-05 1.428891e-04 2.231319e-04 3.285861e-04 4.555694e-04 5.945084e-04 7.310647e-04 8.459224e-04 9.132316e-04 9.046311e-04 8.043272e-04 6.268779e-04 4.186029e-04 2.344911e-04 1.080729e-04 4.023909e-05 1.189248e-05 2.741976e-06 4.848399e-07 6.466500e-08 6.287167e-09 4.240639e-10 1.546740e-11
1.549214e-07 4.820387e-06 5.989298e-05 3.414808e-04 1.022567e-03 1.843571e-03 2.416492e-03 2.805609e-03 3.178993e-03 3.569683e-03 3.940007e-03 4.200256e-03 4.265941e-03 4.158597e-03 3.953579e-03 3.637571e-03 3.123496e-03 2.381457e-03 1.526783e-03 7.764036e-04 2.929038e-04 7.502027e-05 1.146415e-05 8.843984e-07 2.907928e-08 3.560441e-10 1.483717e-12 1.994625e-15 8.380873e-19 1.041904e-22
1.558615e-10 2.793727e-09 3.004524e-08 2.019638e-07 8.967170e-07 2.837054e-06 7.063475e-06 1.539536e-05 3.173804e-05 6.364174e-05 1.234290e-04 2.284008e-04 4.009991e-04 6.691946e-04 1.057190e-03 1.549034e-03 2.032177e-03 2.287513e-03 2.112854e-03 1.529727e-03 8.276084e-04 3.182433e-04 8.271141e-05 1.385694e-05 1.435265e-06 8.876197e-08 3.187320e-09 6.482387e-11 7.239693e-13 3.869077e-15
4.330211e-08 4.415511e-07 2.812812e-06 1.166859e-05 3.327748e-05 7.012429e-05 1.196695e-04 1.819861e-04 2.640373e-04 3.750409e-04 5.200569e-04 6.956789e-04 8.910227e-04 1.093588e-03 1.287563e-03 1.439230e-03 1.489497e-03 1.378802e-03 1.099441e-03 7.272900e-04 3.843884e-04 1.560656e-04 4.665561e-05 9.815836e-06 1.388764e-06 1.266569e-07 7.178592e-09 2.441555e-10 4.776821e-12 4.552828e-14
1.085089e-07 8.692261e-07 4.455774e-06 1.558256e-05 4.058716e-05 8.762403e-05 1.727234e-04 3.273459e-04 6.000820e-04 1.049344e-03 1.730305e-03 2.683761e-03 3.901877e-03 5.222989e-03 6.218878e-03 6.307649e-03 5.212555e-03 3.362558e-03 1.624263e-03 5.632826e-04 1.342761e-04 2.105835e-05 2.083637e-06 1.252952e-07 4.436715e-09 9.019554e-11 1.032150e-12 6.541504e-15 2.251088e-17 3.801333e-20
1.449110e-05 1.000634e-04 4.731213e-04 1.562611e-03 3.703286e-03 6.543061e-03 9.097009e-03 1.066170e-02 1.129022e-02 1.132228e-02 1.091142e-02 1.004847e-02 8.766356e-03 7.207427e-03 5.541656e-03 3.909612e-03 2.453625e-03 1.321455e-03 5.901371e-04 2.120340e-04 5.971109e-05 1.287800e-05 2.082375e-06 2.474053e-07 2.117685e-08 1.281170e-09 5.379154e-11 1.531275e-12 2.850737e-14 2.923091e-16
2.364486e-07 9.027579e-07 2.747198e-06 7.068810e-06 1.637412e-05 3.586663e-05 7.602547e-05 1.559222e-04 3.060226e-04 5.683423e-04 9.916740e-04 1.617028e-03 2.442024e-03 3.360673e-03 4.120336e-03 4.386758e-03 3.953436e-03 2.945194e-03 1.775125e-03 8.489431e-04 3.164416e-04 9.039029e-05 1.946279e-05 3.107789e-06 3.621080e-07 3.030638e-08 1.795091e-09 7.355968e-11 2.010234e-12 3.033988e-14
1.936815e-06 6.066142e-06 1.546710e-05 3.339643e-05 6.398131e-05 1.137871e-04 1.939117e-04 3.206553e-04 5.137345e-04 7.928283e-04 1.174193e-03 1.666109e-03 2.255643e-03 2.881720e-03 3.411188e-03 3.658188e-03 3.472350e-03 2.853272e-03 1.988152e-03 1.152160e-03 5.451323e-04 2.068887e-04 6.193746e-05 1.440228e-05 2.565164e-06 3.456878e-07 3.487855e-08 2.568288e-09 1.326835e-10 3.833348e-12
9.980183e-08 3.723044e-07 1.126314e-06 2.880022e-06 6.533968e-06 1.377113e-05 2.781064e-05 5.441975e-05 1.030213e-04 1.879788e-04 3.303509e-04 5.590190e-04 9.056913e-04 1.384323e-03 1.952032e-03 2.473561e-03 2.740935e-03 2.585358e-03 2.022726e-03 1.281191e-03 6.427051e-04 2.504836e-04 7.461204e-05 1.675599e-05 2.805242e-06 3.468888e-07 3.144328e-08 2.045270e-09 9.215271e-11 2.320038e-12
3.057350e-09 3.193162e-08 2.251433e-07 1.103467e-06 3.914160e-06 1.062682e-05 2.373983e-05 4.713398e-05 8.810239e-05 1.585492e-04 2.735111e-04 4.469106e-04 6.861854e-04 9.849626e-04 1.307461e-03 1.569528e-03 1.651131e-03 1.470619e-03 1.072988e-03 6.223502e-04 2.792201e-04 9.444627e-05 2.349302e-05 4.193433e-06 5.244657e-07 4.493560e-08 2.583977e-09 9.724541e-11 2.306935e-12 2.886692e-14
5.279792e-10 8.122855e-09 7.346236e-08 4.148971e-07 1.588619e-06 4.588475e-06 1.124472e-05 2.561426e-05 5.639003e-05 1.198728e-04 2.422672e-04 4.601107e-04 8.193119e-04 1.364571e-03 2.093680e-03 2.869549e-03 3.372383e-03 3.251268e-03 2.461078e-03 1.400974e-03 5.737898e-04 1.612880e-04 2.959954e-05 3.373331e-06 2.279010e-07 8.769747e-09 1.861021e-10 2.120635e-12 1.260541e-14 3.476883e-17
1.638580e-08 2.561363e-07 1.871050e-06 7.557779e-06 2.031523e-05 4.415051e-05 8.959720e-05 1.785561e-04 3.494594e-04 6.603532e-04 1.177276e-03 1.953656e-03 3.017983e-03 4.327004e-03 5.636211e-03 6.404764e-03 6.022760e-03 4.421546e-03 2.386181e-03 8.899935e-04 2.148768e-04 3.112000e-05 2.452113e-06 9.312272e-08 1.501877e-09 9.248598e-12 2.018527e-14 1.490882e-17 3.623364e-21 2.757232e-25
2.106986e-06 1.443295e-05 6.799165e-05 2.251603e-04 5.391350e-04 9.697241e-04 1.380878e-03 1.664342e-03 1.819599e-03 1.898120e-03 1.928724e-03 1.906568e-03 1.818184e-03 1.664333e-03 1.462135e-03 1.229690e-03 9.769795e-04 7.150573e-04 4.672897e-04 2.641665e-04 1.254329e-04 4.868418e-05 1.505325e-05 3.615120e-06 6.572059e-07 8.811918e-08 8.494641e-09 5.679937e-10 2.504277e-11 5.845350e-13
3.460179e-08 2.453716e-07 1.146202e-06 3.759067e-06 9.414442e-06 1.989264e-05 3.877902e-05 7.330124e-05 1.356632e-04 2.432200e-04 4.166000e-04 6.772216e-04 1.044726e-03 1.523723e-03 2.067056e-03 2.533829e-03 2.707457e-03 2.428291e-03 1.761539e-03 9.966338e-04 4.237336e-04 1.301375e-04 2.768172e-05 3.907345e-06 3.514542e-07 1.943807e-08 6.417761e-10 1.231655e-11 1.329986e-13 7.029780e-16
1.471507e-05 8.853576e-05 2.918562e-04 6.147853e-04 9.962976e-04 1.467488e-03 2.118842e-03 3.028057e-03 4.231190e-03 5.682740e-03 7.307739e-03 9.123715e-03 1.115614e-02 1.314855e-02 1.439627e-02 1.396713e-02 1.137313e-02 7.263193e-03 3.309185e-03 9.454765e-04 1.458315e-04 1.052517e-05 3.167033e-07 3.659910e-09 1.540002e-11 2.283238e-14 1.169415e-17 2.044355e-21 1.210034e-25 2.354245e-30
1.000843e-08 8.263987e-08 4.668839e-07 1.876942e-06 5.673461e-06 1.387863e-05 2.981936e-05 6.003345e-05 1.164689e-04 2.172265e-04 3.844079e-04 6.393313e-04 9.955409e-04 1.441844e-03 1.907149e-03 2.235720e-03 2.241718e-03 1.855863e-03 1.227913e-03 6.302709e-04 2.440741e-04 6.940691e-05 1.410984e-05 1.997126e-06 1.919076e-07 1.223339e-08 5.069548e-10 1.335575e-11 2.164702e-13 1.841691e-15
2.900859e-06 1.291490e-05 4.321539e-05 1.112855e-04 2.278983e-04 3.878837e-04 5.785488e-04 7.961223e-04 1.046900e-03 1.332338e-03 1.636306e-03 1.926215e-03 2.164228e-03 2.313923e-03 2.335930e-03 2.189966e-03 1.861802e-03 1.397796e-03 9.034151e-04 4.911642e-04 2.200105e-04 7.966559e-05 2.290415e-05 5.138936e-06 8.849174e-07 1.151055e-07 1.114363e-08 7.805475e-10 3.788849e-11 1.018033e-12
4.179105e-08 2.527816e-07 1.115421e-06 3.685849e-06 9.450586e-06 1.971595e-05 3.546759e-05 5.833031e-05 9.150923e-05 1.393623e-04 2.056854e-04 2.917125e-04 3.950322e-04 5.094021e-04 6.231206e-04 7.151947e-04 7.552579e-04 7.155148e-04 5.921012e-04 4.171882e-04 2.444457e-04 1.165286e-04 4.425958e-05 1.312258e-05 2.976261e-06 5.062373e-07 6.336890e-08 5.643767e-09 3.406131e-10 1.097455e-11
6.900705e-07 7.473247e-06 4.526335e-05 1.639217e-04 3.847855e-04 6.472328e-04 8.815046e-04 1.091067e-03 1.310652e-03 1.552779e-03 1.801772e-03 2.020219e-03 2.170783e-03 2.242386e-03 2.239242e-03 2.145373e-03 1.922302e-03 1.552270e-03 1.083999e-03 6.276218e-04 2.884768e-04 1.003455e-04 2.496002e-05 4.149870e-06 4.283548e-07 2.557097e-08 8.311650e-10 1.401315e-11 1.171470e-13 4.255533e-16
9.489011e-10 2.499827e-08 3.365225e-07 2.462074e-06 1.062533e-05 3.020795e-05 6.525716e-05 1.237400e-04 2.247744e-04 3.984948e-04 6.793436e-04 1.096269e-03 1.672233e-03 2.417769e-03 3.265043e-03 3.963106e-03 4.101919e-03 3.419096e-03 2.163789e-03 9.759838e-04 2.924471e-04 5.395509e-05 5.684079e-06 3.195800e-07 9.073353e-09 1.247136e-10 8.049116e-13 2.386624e-15 3.189246e-18 1.781030e-21
3.041355e-04 1.243544e-03 3.425898e-03 6.636198e-03 9.594760e-03 1.123598e-02 1.167271e-02 1.152896e-02 1.115030e-02 1.056783e-02 9.715056e-03 8.589036e-03 7.301702e-03 5.991247e-03 4.718595e-03 3.489287e-03 2.342763e-03 1.376679e-03 6.832592e-04 2.769044e-04 8.867756e-05 2.169991e-05 3.914142e-06 5.006259e-07 4.362885e-08 2.494130e-09 9.045154e-11 2.016168e-12 2.658517e-14 1.780218e-16
6.170557e-07 3.656633e-06 1.432817e-05 3.910921e-05 7.967780e-05 1.324155e-04 1.970963e-04 2.809519e-04 3.937761e-04 5.423192e-04 7.264323e-04 9.392593e-04 1.174373e-03 1.429489e-03 1.692876e-03 1.920730e-03 2.031715e-03 1.938473e-03 1.609828e-03 1.119425e-03 6.236427e-04 2.646217e-04 8.096889e-05 1.693200e-05 2.306837e-06 1.968096e-07 1.019158e-08 3.113065e-10 5.411386e-12 4.577156e-14
4.024032e-08 4.905872e-07 3.559340e-06 1.618162e-05 4.923681e-05 1.093039e-04 1.969891e-04 3.196610e-04 4.976924e-04 7.560998e-04 1.110891e-03 1.553063e-03 2.042704e-03 2.520330e-03 2.907142e-03 3.085739e-03 2.922807e-03 2.375028e-03 1.588456e-03 8.401923e-04 3.385076e-04 1.002407e-04 2.106321e-05 3.027796e-06 2.862345e-07 1.706376e-08 6.150710e-10 1.285829e-11 1.487095e-13 8.177217e-16
6.062488e-11 1.976487e-09 2.930223e-08 2.190732e-07 9.403240e-07 2.703685e-06 6.191905e-06 1.302783e-05 2.680647e-05 5.427611e-05 1.065378e-04 1.986994e-04 3.487276e-04 5.778781e-04 9.040790e-04 1.311473e-03 1.700870e-03 1.879708e-03 1.678674e-03 1.146302e-03 5.641470e-04 1.866942e-04 3.808762e-05 4.318438e-06 2.444636e-07 6.289647e-09 6.846129e-11 2.999863e-13 5.105480e-16 3.108182e-19
3.574197e-10 3.767315e-09 2.646351e-08 1.286224e-07 4.553752e-07 1.258847e-06 2.955125e-06 6.372605e-06 1.324217e-05 2.683101e-05 5.259696e-05 9.885673e-05 1.778796e-04 3.071070e-04 5.063261e-04 7.827766e-04 1.101622e-03 1.361783e-03 1.423097e-03 1.207843e-03 7.985941e-04 3.943406e-04 1.396649e-04 3.420513e-05 5.613327e-06 6.013679e-07 4.117844e-08 1.759374e-09 4.526890e-11 5.886436e-13
2.986990e-07 1.519390e-05 1.738038e-04 6.973634e-04 1.445587e-03 2.133453e-03 2.887128e-03 3.867186e-03 5.132207e-03 6.650611e-03 8.211558e-03 9.569644e-03 1.068240e-02 1.149613e-02 1.161746e-02 1.045340e-02 7.830326e-03 4.525808e-03 1.846978e-03 4.706711e-04 6.031181e-05 2.664391e-06 2.584717e-08 3.995146e-11 8.446815e-15 2.295650e-19 7.808821e-25 3.280249e-31 1.688150e-38 1.056812e-46
4.736403e-09 2.688525e-08 1.080418e-07 3.297012e-07 8.320505e-07 1.890216e-06 4.099732e-06 8.687869e-06 1.797062e-05 3.592146e-05 6.885479e-05 1.266292e-04 2.246404e-04 3.846659e-04 6.290498e-04 9.612396e-04 1.333044e-03 1.622061e-03 1.667345e-03 1.386818e-03 8.896896e-04 4.187354e-04 1.377863e-04 3.036889e-05 4.325389e-06 3.867751e-07 2.122655e-08 6.987620e-10 1.335646e-11 1.264188e-13
1.321696e-09 1.613532e-08 1.157614e-07 5.253109e-07 1.656184e-06 4.068550e-06 8.762221e-06 1.797225e-05 3.621796e-05 7.160937e-05 1.369643e-04 2.498909e-04 4.328130e-04 7.130154e-04 1.114062e-03 1.625266e-03 2.152280e-03 2.495251e-03 2.434331e-03 1.919243e-03 1.173122e-03 5.314891e-04 1.695448e-04 3.592523e-05 4.754906e-06 3.708161e-07 1.620535e-08 3.803113e-10 4.588438e-12 2.465833e-14
2.584389e-11 1.343613e-09 2.209153e-08 1.515737e-07 5.843860e-07 1.681222e-06 4.449458e-06 1.162985e-05 3.007958e-05 7.558179e-05 1.796101e-04 3.992575e-04 8.362365e-04 1.650318e-03 3.002609e-03 4.819628e-03 6.423184e-03 6.622854e-03 4.876301e-03 2.315736e-03 6.107168e-04 7.201545e-05 2.946442e-06 3.355699e-08 9.213176e-11 5.642620e-14 7.415440e-18 2.050273e-22 1.179759e-27 1.390470e-33
1.158353e-05 6.295625e-05 2.019618e-04 4.326537e-04 7.214400e-04 1.083683e-03 1.584829e-03 2.291100e-03 3.241647e-03 4.415662e-03 5.746865e-03 7.201456e-03 8.753020e-03 1.019398e-02 1.100739e-02 1.054338e-02 8.530137e-03 5.525991e-03 2.691101e-03 9.089137e-04 1.927002e-04 2.302472e-05 1.404157e-06 4.036201e-08 5.160362e-10 2.820721e-12 6.423285e-15 5.992160e-18 2.260969e-21 3.277542e-25
5.812901e-08 2.297406e-07 7.299803e-07 1.933538e-06 4.461711e-06 9.392134e-06 1.872319e-05 3.605892e-05 6.727186e-05 1.207088e-04 2.064149e-04 3.339751e-04 5.084669e-04 7.235297e-04 9.520350e-04 1.140943e-03 1.222928e-03 1.150234e-03 9.320642e-04 6.398200e-04 3.664661e-04 1.727652e-04 6.621454e-05 2.039652e-05 4.995327e-06 9.625785e-07 1.444526e-07 1.633618e-08 1.326963e-09 5.931456e-11
1.521978e-11 3.426313e-10 4.014108e-09 2.660399e-08 1.111175e-07 3.333753e-07 8.263313e-07 1.887530e-06 4.176666e-06 9.025854e-06 1.887038e-05 3.763227e-05 7.114005e-05 1.281902e-04 2.215165e-04 3.647891e-04 5.601533e-04 7.754068e-04 9.286362e-04 9.185328e-04 7.108695e-04 4.028206e-04 1.542453e-04 3.652807e-05 4.909229e-06 3.477067e-07 1.224451e-08 2.050796e-10 1.569687e-12 4.862641e-15
6.444075e-06 2.342102e-05 6.598979e-05 1.477322e-04 2.718136e-04 4.293372e-04 6.112953e-04 8.189203e-04 1.059047e-03 1.331003e-03 1.618530e-03 1.892596e-03 2.120811e-03 2.272148e-03 2.312425e-03 2.204333e-03 1.927830e-03 1.510831e-03 1.036783e-03 6.099497e-04 3.018202e-04 1.234466e-04 4.105711e-05 1.093104e-05 2.294495e-06 3.741833e-07 4.675329e-08 4.334915e-09 2.846516e-10 1.033089e-11
4.251140e-07 3.650297e-06 1.822399e-05 5.721583e-05 1.242622e-04 2.102484e-04 3.139211e-04 4.497823e-04 6.359910e-04 8.854747e-04 1.198100e-03 1.555819e-03 1.934981e-03 2.319518e-03 2.680261e-03 2.936228e-03 2.955602e-03 2.629693e-03 1.984209e-03 1.216521e-03 5.788095e-04 2.025935e-04 4.889224e-05 7.550491e-06 6.915242e-07 3.509506e-08 9.346149e-10 1.252321e-11 8.124911e-14 2.263725e-16
8.210959e-05 2.623347e-04 5.355167e-04 8.620593e-04 1.290072e-03 1.905782e-03 2.792503e-03 4.018456e-03 5.579788e-03 7.396589e-03 9.429513e-03 1.169282e-02 1.403018e-02 1.587698e-02 1.628340e-02 1.442997e-02 1.047021e-02 5.827017e-03 2.269558e-03 5.383690e-04 6.431953e-05 3.157687e-06 5.382959e-08 2.846398e-10 4.372182e-13 1.882436e-16 2.228169e-20 7.171770e-25 6.234649e-30 1.439015e-35
4.863687e-09 3.282777e-08 1.544506e-07 5.425450e-07 1.550882e-06 3.942818e-06 9.507843e-06 2.232032e-05 5.093587e-05 1.118162e-04 2.347684e-04 4.727878e-04 9.171317e-04 1.705554e-03 2.986303e-03 4.782701e-03 6.758097e-03 8.082510e-03 7.807705e-03 5.792055e-03 3.136731e-03 1.183144e-03 2.983530e-04 4.861292e-05 4.978788e-06 3.135606e-07 1.193594e-08 2.698510e-10 3.528043e-12 2.312161e-14
2.115585e-06 1.046192e-05 3.827721e-05 1.054829e-04 2.242466e-04 3.801317e-04 5.372189e-04 6.678604e-04 7.694981e-04 8.520286e-04 9.194708e-04 9.654727e-04 9.800774e-04 9.581405e-04 9.015475e-04 8.142751e-04 6.983554e-04 5.574942e-04 4.039596e-04 2.588976e-04 1.432442e-04 6.691943e-05 2.585906e-05 8.104082e-06 2.020315e-06 3.930308e-07 5.855698e-08 6.432845e-09 4.939510e-10 2.041669e-11
4.738250e-09 3.317158e-07 8.498170e-06 8.869238e-05 4.321763e-04 1.133764e-03 1.872897e-03 2.375856e-03 2.756535e-03 3.136612e-03 3.517176e-03 3.830456e-03 3.970280e-03 3.885529e-03 3.626379e-03 3.233458e-03 2.676622e-03 1.953371e-03 1.183329e-03 5.588773e-04 1.928412e-04 4.528988e-05 6.636692e-06 5.395393e-07 2.102301e-08 3.391809e-10 2.017544e-12 4.095190e-15 2.703143e-18 5.411548e-22
2.325408e-09 1.191755e-08 4.894441e-08 1.666580e-07 4.891315e-07 1.285771e-06 3.121555e-06 7.127168e-06 1.539233e-05 3.136933e-05 6.001283e-05 1.073056e-04 1.788120e-04 2.766760e-04 3.944953e-04 5.116610e-04 5.933444e-04 6.034827e-04 5.281162e-04 3.905781e-04 2.401692e-04 1.209944e-04 4.927600e-05 1.602289e-05 4.111263e-06 8.229894e-07 1.270992e-07 1.465216e-08 1.200586e-09 5.360752e-11
2.217689e-10 3.267938e-09 3.002052e-08 1.796408e-07 7.443856e-07 2.322905e-06 6.043167e-06 1.437382e-05 3.287566e-05 7.282449e-05 1.544587e-04 3.112370e-04 5.965490e-04 1.087044e-03 1.855038e-03 2.872506e-03 3.871116e-03 4.334903e-03 3.841337e-03 2.560269e-03 1.219669e-03 3.956928e-04 8.372921e-05 1.113824e-05 9.036861e-07 4.364197e-08 1.230653e-09 1.990625e-11 1.801449e-13 8.015787e-16
3.688198e-14 3.775396e-11 6.356116e-09 2.157181e-07 2.078361e-06 8.409235e-06 2.010372e-05 3.904111e-05 7.332879e-05 1.369574e-04 2.518545e-04 4.445418e-04 7.384231e-04 1.164933e-03 1.770268e-03 2.554410e-03 3.345498e-03 3.728131e-03 3.273399e-03 2.060806e-03 8.096371e-04 1.568934e-04 1.049754e-05 1.642431e-07 4.550958e-10 1.940390e-13 1.197129e-17 1.039608e-22 1.253116e-28 2.069896e-35
5.508175e-06 3.701357e-05 1.342657e-04 3.059980e-04 5.248974e-04 8.049093e-04 1.204052e-03 1.783644e-03 2.589203e-03 3.615810e-03 4.809850e-03 6.142877e-03 7.598063e-03 8.988781e-03 9.819482e-03 9.442139e-03 7.574168e-03 4.777761e-03 2.207366e-03 6.792174e-04 1.228154e-04 1.132928e-05 4.676861e-07 7.800607e-09 4.900907e-11 1.109633e-13 8.814840e-17 2.417767e-20 2.265707e-24 7.011358e-29
2.914918e-09 7.005417e-08 7.191031e-07 3.672471e-06 1.110827e-05 2.401744e-05 4.462193e-05 7.967262e-05 1.407069e-04 2.446563e-04 4.118703e-04 6.595675e-04 1.001240e-03 1.451843e-03 2.009527e-03 2.601683e-03 3.034728e-03 3.039806e-03 2.479027e-03 1.553923e-03 7.005392e-04 2.082842e-04 3.626835e-05 3.198920e-06 1.237219e-07 1.867113e-09 1.014536e-11 1.888309e-14 1.166962e-17 2.253744e-21
1.006327e-06 4.229831e-06 1.242536e-05 2.911691e-05 6.156851e-05 1.260614e-04 2.541793e-04 5.000192e-04 9.442508e-04 1.696535e-03 2.908007e-03 4.770393e-03 7.415528e-03 1.064255e-02 1.358186e-02 1.475791e-02 1.303202e-02 8.886908e-03 4.411464e-03 1.487852e-03 3.161981e-04 3.933139e-05 2.684066e-06 9.539850e-08 1.698110e-09 1.471623e-11 6.087573e-14 1.185366e-16 1.072280e-19 4.213954e-23
6.378182e-12 2.139850e-10 3.090886e-09 2.237638e-08 9.680142e-08 3.032641e-07 8.252694e-07 2.162716e-06 5.591879e-06 1.417561e-05 3.457822e-05 7.963174e-05 1.724321e-04 3.533271e-04 6.840199e-04 1.226967e-03 1.966399e-03 2.683596e-03 2.953084e-03 2.468739e-03 1.462986e-03 5.617092e-04 1.239854e-04 1.367615e-05 6.582226e-07 1.238949e-08 8.451061e-11 1.991140e-13 1.571449e-16 3.899450e-20
1.683642e-07 8.699752e-07 3.318128e-06 9.691655e-06 2.276847e-05 4.569229e-05 8.326807e-05 1.441336e-04 2.414355e-04 3.904680e-04 6.032214e-04 8.816638e-04 1.211917e-03 1.557362e-03 1.849641e-03 1.992023e-03 1.898304e-03 1.559201e-03 1.076325e-03 6.102252e-04 2.783274e-04 1.002311e-04 2.800848e-05 5.973406e-06 9.566342e-07 1.132005e-07 9.740685e-09 5.927766e-10 2.442057e-11 5.493993e-13
2.662419e-07 1.251580e-06 4.454339e-06 1.230153e-05 2.725532e-05 5.061083e-05 8.292625e-05 1.259365e-04 1.833129e-04 2.589031e-04 3.535976e-04 4.626877e-04 5.753931e-04 6.766623e-04 7.489115e-04 7.729357e-04 7.321923e-04 6.233983e-04 4.662752e-04 2.996709e-04 1.621798e-04 7.258664e-05 2.643723e-05 7.722071e-06 1.784641e-06 3.221897e-07 4.487617e-08 4.669554e-09 3.454631e-10 1.401926e-11
7.424205e-08 3.284305e-07 1.122823e-06 3.070231e-06 7.020674e-06 1.414502e-05 2.639951e-05 4.725705e-05 8.223825e-05 1.387865e-04 2.252154e-04 3.488877e-04 5.138903e-04 7.170638e-04 9.404049e-04 1.142500e-03 1.260542e-03 1.235180e-03 1.051299e-03 7.612276e-04 4.600616e-04 2.280295e-04 9.116450e-05 2.892848e-05 7.171174e-06 1.367120e-06 1.974036e-07 2.085696e-08 1.534599e-09 6.090798e-11
2.348676e-08 2.389479e-07 1.576013e-06 6.963115e-06 2.152176e-05 4.934925e-05 9.065277e-05 1.454311e-04 2.187577e-04 3.195247e-04 4.546964e-04 6.241156e-04 8.195109e-04 1.028273e-03 1.232878e-03 1.399142e-03 1.468540e-03 1.379983e-03 1.120350e-03 7.586496e-04 4.140713e-04 1.760202e-04 5.624602e-05 1.302317e-05 2.106432e-06 2.299578e-07 1.643628e-08 7.441792e-10 2.043469e-11 2.830324e-13
9.315451e-08 5.777422e-07 2.493644e-06 7.791672e-06 1.858082e-05 3.622959e-05 6.240986e-05 1.013224e-04 1.603567e-04 2.487876e-04 3.752771e-04 5.451806e-04 7.601663e-04 1.019253e-03 1.313030e-03 1.606786e-03 1.826372e-03 1.873284e-03 1.681019e-03 1.279704e-03 8.014295e-04 4.000190e-04 1.538911e-04 4.406301e-05 9.068562e-06 1.298632e-06 1.257542e-07 7.959013e-09 3.143824e-10 6.320035e-12
1.640283e-05 1.217422e-04 5.347199e-04 1.477043e-03 2.764461e-03 3.863603e-03 4.532907e-03 4.940486e-03 5.259804e-03 5.513655e-03 5.635222e-03 5.544543e-03 5.227604e-03 4.746796e-03 4.157044e-03 3.456256e-03 2.640927e-03 1.781222e-03 1.017117e-03 4.718728e-04 1.706075e-04 4.595926e-05 8.759158e-06 1.112623e-06 8.839594e-08 4.135844e-09 1.082827e-10 1.521644e-12 1.102403e-14 3.622896e-17
2.788047e-08 3.622433e-07 2.222649e-06 7.681664e-06 1.808570e-05 3.518154e-05 6.476024e-05 1.179428e-04 2.124975e-04 3.731674e-04 6.264894e-04 9.975822e-04 1.515860e-03 2.203815e-03 3.020313e-03 3.776569e-03 4.118596e-03 3.719934e-03 2.631028e-03 1.367716e-03 4.821311e-04 1.031341e-04 1.161091e-05 5.919459e-07 1.202183e-08 8.874200e-11 2.246956e-13 1.885747e-16 5.136388e-20 4.333495e-24
2.824259e-12 1.134456e-10 1.989542e-09 1.738874e-08 8.882047e-08 3.161526e-07 9.275956e-07 2.497222e-06 6.405171e-06 1.571321e-05 3.647809e-05 7.924094e-05 1.616306e-04 3.135844e-04 5.808044e-04 1.011983e-03 1.606588e-03 2.222399e-03 2.536759e-03 2.231020e-03 1.379891e-03 5.338198e-04 1.129038e-04 1.143507e-05 4.957179e-07 8.458845e-09 5.368740e-11 1.222618e-13 9.749414e-17 2.558926e-20
5.132075e-13 4.530414e-11 1.567720e-09 2.337035e-08 1.712722e-07 7.319168e-07 2.238040e-06 5.940949e-06 1.520494e-05 3.823472e-05 9.285319e-05 2.129291e-04 4.585262e-04 9.338513e-04 1.790390e-03 3.139730e-03 4.793564e-03 5.989668e-03 5.711176e-03 3.827270e-03 1.628481e-03 3.898549e-04 4.617775e-05 2.404111e-06 5.003784e-08 3.892007e-10 1.082455e-12 1.047122e-15 3.458621e-19 3.714640e-23
2.347359e-09 3.601429e-08 3.200235e-07 1.738933e-06 6.215317e-06 1.612471e-05 3.423563e-05 6.631485e-05 1.242005e-04 2.268509e-04 3.988397e-04 6.676155e-04 1.064822e-03 1.624053e-03 2.344716e-03 3.111777e-03 3.639692e-03 3.577804e-03 2.810114e-03 1.669500e-03 7.065830e-04 2.000803e-04 3.567465e-05 3.794557e-06 2.301863e-07 7.685437e-09 1.374518e-10 1.288708e-12 6.184119e-15 1.363719e-17
2.068925e-09 1.188999e-08 5.023506e-08 1.693829e-07 4.989024e-07 1.380639e-06 3.719374e-06 9.789778e-06 2.490433e-05 6.057275e-05 1.404668e-04 3.115717e-04 6.609660e-04 1.326480e-03 2.462426e-03 4.100876e-03 5.914570e-03 7.107906e-03 6.823821e-03 5.000867e-03 2.669972e-03 9.929977e-04 2.471414e-04 3.978671e-05 4.029789e-06 2.511733e-07 9.468031e-09 2.120893e-10 2.749003e-12 1.787813e-14
6.082237e-09 1.105834e-07 1.160541e-06 7.306626e-06 2.900616e-05 7.771347e-05 1.544584e-04 2.556936e-04 3.901249e-04 5.764844e-04 8.277508e-04 1.139665e-03 1.493944e-03 1.871145e-03 2.237448e-03 2.501632e-03 2.513720e-03 2.164366e-03 1.520399e-03 8.288146e-04 3.324801e-04 9.274351e-05 1.698560e-05 1.935718e-06 1.310405e-07 5.074426e-09 1.091562e-10 1.273468e-12 7.842794e-15 2.267917e-17
6.749030e-09 3.677770e-08 1.520340e-07 4.947221e-07 1.328682e-06 3.110044e-06 6.676124e-06 1.360658e-05 2.669621e-05 5.037724e-05 9.089449e-05 1.562337e-04 2.559460e-04 3.999093e-04 5.929083e-04 8.225160e-04 1.045180e-03 1.186648e-03 1.173276e-03 9.850339e-04 6.849376e-04 3.847596e-04 1.703256e-04 5.799601e-05 1.484745e-05 2.799745e-06 3.819794e-07 3.651123e-08 2.334866e-09 7.876079e-11
3.760982e-07 3.022465e-06 1.474393e-05 4.620191e-05 9.977237e-05 1.625209e-04 2.224544e-04 2.817863e-04 3.481302e-04 4.245973e-04 5.079014e-04 5.896278e-04 6.619250e-04 7.236337e-04 7.764790e-04 8.138481e-04 8.161426e-04 7.594169e-04 6.330239e-04 4.546466e-04 2.686910e-04 1.234533e-04 4.124384e-05 9.334413e-06 1.339471e-06 1.152475e-07 5.689964e-09 1.554200e-10 2.257465e-12 1.503364e-14
5.453953e-13 5.105051e-10 8.852421e-08 3.321698e-06 3.508661e-05 1.436134e-04 3.024640e-04 4.423830e-04 5.843658e-04 7.615421e-04 9.815781e-04 1.230025e-03 1.464379e-03 1.657932e-03 1.828738e-03 1.968084e-03 1.989637e-03 1.780623e-03 1.316532e-03 7.398538e-04 2.793247e-04 5.734435e-05 4.645415e-06 1.040673e-07 4.922147e-10 4.234715e-13 6.179841e-17 1.481223e-21 5.737961e-27 3.535146e-33
3.768069e-09 2.025419e-08 8.719702e-08 3.103753e-07 9.417167e-07 2.503713e-06 5.972821e-06 1.302357e-05 2.626804e-05 4.932207e-05 8.659695e-05 1.430154e-04 2.237346e-04 3.327660e-04 4.683896e-04 6.152592e-04 7.386747e-04 7.911667e-04 7.368279e-04 5.811195e-04 3.777671e-04 1.970088e-04 8.030170e-05 2.497624e-05 5.803945e-06 9.897230e-07 1.220166e-07 1.056639e-08 6.160295e-10 1.919984e-11
2.503524e-09 2.735227e-08 1.958152e-07 9.465948e-07 3.215042e-06 8.106628e-06 1.635000e-05 2.874583e-05 4.734490e-05 7.571353e-05 1.179857e-04 1.774223e-04 2.556313e-04 3.533209e-04 4.696570e-04 5.954613e-04 7.033628e-04 7.485347e-04 6.917187e-04 5.346475e-04 3.326542e-04 1.600596e-04 5.712860e-05 1.451623e-05 2.528137e-06 2.920159e-07 2.177017e-08 1.017376e-09 2.863513e-11 4.047809e-13
3.844538e-08 3.932394e-07 2.400786e-06 9.354165e-06 2.533651e-05 5.305180e-05 9.618542e-05 1.643626e-04 2.741856e-04 4.467769e-04 7.015051e-04 1.045825e-03 1.470158e-03 1.947842e-03 2.420343e-03 2.769799e-03 2.830401e-03 2.486348e-03 1.804023e-03 1.039664e-03 4.582497e-04 1.488060e-04 3.423472e-05 5.344632e-06 5.397295e-07 3.352576e-08 1.220568e-09 2.490621e-11 2.716832e-13 1.368131e-15
4.509657e-07 2.545651e-06 1.044504e-05 3.188546e-05 7.477946e-05 1.407909e-04 2.248707e-04 3.226867e-04 4.348562e-04 5.623757e-04 7.001549e-04 8.358825e-04 9.554097e-04 1.048615e-03 1.106978e-03 1.115102e-03 1.050820e-03 9.014102e-04 6.835183e-04 4.451396e-04 2.420690e-04 1.068758e-04 3.724432e-05 9.964292e-06 1.993994e-06 2.915814e-07 3.053912e-08 2.222451e-09 1.075507e-10 2.778788e-12
1.315413e-10 2.247073e-09 2.316920e-08 1.512254e-07 6.675773e-07 2.182926e-06 5.905639e-06 1.460528e-05 3.482152e-05 8.054714e-05 1.784566e-04 3.755633e-04 7.522012e-04 1.434090e-03 2.562896e-03 4.154037e-03 5.843207e-03 6.787848e-03 6.173140e-03 4.153810e-03 1.953604e-03 6.086866e-04 1.198211e-04 1.431884e-05 1.005504e-06 4.043254e-08 9.124435e-10 1.135552e-11 7.615963e-14 2.446644e-16
6.789991e-10 5.801654e-08 1.505367e-06 1.421062e-05 6.076875e-05 1.488194e-04 2.710889e-04 4.526641e-04 7.438032e-04 1.200834e-03 1.861888e-03 2.712383e-03 3.719963e-03 4.857014e-03 5.945685e-03 6.499769e-03 5.930225e-03 4.185890e-03 2.103436e-03 6.799130e-04 1.225687e-04 1.011468e-05 3.062078e-07 2.819575e-09 6.974900e-12 4.320333e-15 6.455206e-19 2.280954e-23 1.885009e-28 3.578689e-34
