-5.105977
-4.869303
-4.763667
-4.249895
-4.220451
-4.586492
-4.582348
-4.762296
-4.649630
-4.682320
-4.446607
-4.434702
-4.513378
-5.040092
-4.982680
-4.609442
-4.991355
-5.022974
-5.273008
-5.322583
-5.142831
-4.619120
-4.367088
-3.245931
-3.245931
-3.430688
-3.465472
-4.065377
-4.053980
-3.898265
-3.957809
-4.526272
-4.574106
-4.434288
-3.841763
-4.290781
-4.087611
-3.981091
-4.009677
-4.009677
-4.012345
-4.227984
-4.379102
-4.601456
-4.475419
-4.637313
-4.637520
-4.647438
-4.666427
-4.720596
-4.800798
-5.130148
-5.255261
-5.325824
-5.237025
-5.215560
-5.232678
-5.235595
-5.232516
-5.190433
-5.108472
-5.042215
-4.953344
-4.839884
-5.038817
-4.825417
-5.022530
-4.881875
-4.885525
-4.916620
-4.911594
-4.854835
-5.010148
-4.935341
-5.076291
-5.223906
-5.103547
-5.307217
-5.403827
-5.403827
-5.403827
-5.369193
-5.375379
-5.293984
-5.310460
-4.960484
-4.973859
-5.012179
-5.019276
-5.005254
-4.992711
-4.993923
-4.898591
-5.013312
-5.011315
-5.120246
-5.120246
-5.095014
-5.217269
-5.113079
-5.456223
-5.471572
-5.690481
-5.717179
-5.170406
-5.161766
-5.152063
-4.895956
-4.814131
-4.754073
-4.904974
-4.900775
-5.031363
-4.901638
-4.924119
-4.912933
-4.901733
-4.808795
-4.847833
-4.909271
-4.873091
-5.052053
-4.902819
-4.943679
-4.943704
-4.877128
-4.755528
-4.700997
-4.385481
-4.385481
-4.411152
-4.411152
-4.708291
-4.885549
-4.785970
-4.855094
-5.137374
-5.022146
-5.026866
-5.026866
-4.958039
-4.974096
-4.952673
-4.827426
-4.906596
-4.950803
-5.093845
-5.140384
-5.339942
-5.106927
-4.951417
-5.000717
-4.877879
-4.937508
-5.129195
-5.314647
-4.938128
-5.177185
-5.129848
-5.256336
-5.322294
-5.418029
-5.436237
-5.381383
-5.475774
-5.357715
-5.359860
-5.691069
-5.444211
-5.449172
-5.417475
-5.348867
-5.534867
-5.468825
-5.370271
-5.161639
-5.182975
-5.188154
-5.188154
-5.250696
-5.141269
-5.140025
-5.151503
-5.231324
-5.405401
-5.430945
-5.377172
-5.323853
-5.519384
-5.602257
-5.528543
-5.793135
-5.801811
-6.106090
-6.074584
-6.066209
-6.090690
-5.853703
-5.780256
-5.605048
-5.679707
-5.522206
-5.242211
-5.114648
-5.040303
-5.059151
-5.058024
-5.119849
-5.097418
-5.091239
-5.116979
-5.058115
-4.742408
-4.892920
-4.877408
-4.890609
-4.896721
-4.656484
-4.553246
-4.546877
-4.713369
-4.784692
-4.786156
-4.797630
-4.816094
-5.280784
-5.084302
-5.055939
-5.178215
-5.260509
-5.276982
-5.272766
-5.272988
-5.287879
-5.267960
-5.474081
-5.257806
-5.186280
-5.174157
-4.965033
-4.978841
-5.145947
-5.150500
-5.145272
-5.598857
-5.584237
-5.702922
-5.702922
-5.764658
-5.628813
-5.326300
-5.404637
-5.464188
-5.422867
-5.396061
-5.396061
-5.468815
-5.494951
-5.530968
-5.559263
-5.595631
-5.595631
-5.621983
-5.664142
-5.674441
-5.569843
-5.569843
-5.506774
-5.356006
-5.346582
-5.355672
-5.340343
-5.346843
-5.346843
-5.282575
-5.285171
-5.239979
-5.226136
-5.524942
-5.407221
-5.458195
-5.245426
-5.098966
-5.098966
-4.972437
-4.967959
-5.025239
-5.032851
-5.175064
-5.262795
-5.573892
-5.639041
-5.639396
-5.831710
-5.973901
-6.007986
-6.007986
-6.007986
-5.991729
-6.010740
-6.021894
-6.101791
-6.079256
-6.079256
-6.079256
-6.216087
-6.200165
-6.214800
-6.158532
-5.550391
-5.713355
-5.709831
-5.746514
-5.578212
-5.025172
-5.187989
-5.154222
-5.145005
-5.274878
-5.307385
-5.400275
-5.396278
-5.395492
-5.395492
-5.395492
-5.342697
-5.446371
-5.414825
-5.574511
-5.516154
-5.516154
-5.481130
-5.492489
-5.498863
-5.385880
-5.385880
-5.326937
-5.229771
-5.159142
-4.903986
-5.464388
-5.722190
-5.731780
-5.761691
-5.710061
-5.716542
-5.743806
-5.745780
-5.681425
-5.739239
-5.931412
-5.957057
-5.957057
-5.659385
-5.013516
-4.679703
-4.573470
-4.608589
-4.723821
-4.691489
-4.331993
-4.940888
-5.588773
-5.338311
-5.433150
-5.430635
-5.185213
-5.358373
-4.933675
-5.014542
-4.979836
-5.186092
-5.145198
-5.151558
-5.162423
-5.163308
-5.142329
-5.517846
-5.314627
-5.528756
-5.295760
-5.294211
-5.553486
-5.382839
-5.187401
-5.311385
-5.302323
-5.307682
-5.012782
-5.202963
-5.163475
-5.037219
-4.906239
-5.026494
-5.219756
-5.227409
-5.246211
-5.306420
-5.128641
-5.045914
-5.055829
-5.262848
-5.262848
-5.357822
-5.050737
-5.252732
-5.081568
-5.108587
-5.475691
-5.461689
-5.444279
-5.615209
-5.524209
-5.470792
-5.727459
-5.675317
-5.597903
-5.720629
-5.700776
-5.567168
-5.048026
-5.171383
-5.014767
-5.033212
-5.121248
-5.373587
-5.409675
-5.064483
-4.793673
-4.825141
-4.748053
-4.610831
-4.629668
-4.865164
-4.865164
-4.852062
-4.920377
-4.836674
-4.591435
-4.724881
-4.682875
-4.731410
-3.960170
-3.956530
-3.629346
-3.826537
-4.831448
-4.844524
-4.827965
-4.715557
-5.065901
-4.992788
-4.924797
-4.625908
-4.526327
-4.569080
-4.508693
-4.532988
-4.504351
-4.504351
-4.461573
-4.615520
-4.544089
-4.517555
-4.541904
-4.541904
-4.541904
-4.613701
-4.765831
-4.818731
-4.792105
-4.913172
-4.913172
-5.127785
-4.893611
-5.020756
-4.977397
-4.839639
-4.728960
-4.483710
-4.686981
-4.900746
-4.902654
-4.701805
-4.735563
-4.735563
-4.911289
-4.998513
-4.925281
-4.926542
-5.011762
-5.052426
-5.103045
-5.059723
-5.088286
-5.140762
-5.220613
-5.199737
-5.177533
-5.384311
-5.231867
-5.296807
-5.209790
-5.137618
-5.105790
-5.105790
-5.105790
-5.144172
-5.099010
-5.079876
-5.104342
-5.176844
-5.176844
-5.176844
-5.219733
-5.140075
-5.154065
-5.175331
-5.257198
-5.337209
-5.205705
-5.110996
-5.175732
-5.178192
-5.090289
-5.279687
-5.169118
-5.228755
-5.221826
-5.263861
-5.264900
-5.264144
-5.265596
-5.241173
-5.042848
-5.035646
-5.070522
-5.078599
-5.350733
-5.283010
-5.486007
-5.479473
-5.735286
-5.974811
-5.826458
-5.631800
-5.705057
-5.707377
-5.770050
-5.545738
-5.764532
-5.736101
-5.424168
-5.400888
-5.485441
-5.760422
-5.932492
-5.932492
-5.891005
-5.736432
-5.213556
-5.123365
-5.416482
-5.461489
-5.438469
-5.335219
-5.574994
-5.610612
-5.605008
-5.517398
-5.536298
-5.366579
-5.531683
-5.491569
-5.575151
-5.563632
-5.548964
-5.719783
-5.700458
-5.494300
-5.494300
-5.418114
-5.488851
-5.651095
-5.653353
-5.614532
-5.701893
-5.701222
-5.804075
-5.727074
-5.982544
-5.941183
-5.941556
-6.150381
-6.192568
-6.145640
-6.218504
-6.067426
-6.197670
-6.257033
-6.269760
-6.354072
-6.338888
-6.339591
-6.339591
-6.223511
-6.315940
-6.316861
-6.191087
-5.824410
-5.822945
-6.230372
-5.307707
-5.323539
-5.309870
-5.309870
-5.309870
-5.309870
-5.248120
-5.141718
-5.371787
-5.335611
-5.432434
-5.333825
-5.307562
-5.309700
-5.304272
-5.322780
-5.128096
-5.368138
-5.312913
-5.157172
-5.226767
-5.289486
-5.230071
-5.088890
-5.083286
-5.114461
-5.061412
-5.068636
-5.050785
-5.104553
-5.251251
-5.251726
-5.273926
-5.236071
-5.278103
-4.907254
-4.876128
-4.832915
-4.796210
-4.759322
-4.548896
-4.594466
-4.567367
-4.505208
-4.568681
-4.554938
-4.561433
-4.521043
-4.607951
-4.607940
-4.630564
-4.630564
-4.630564
-4.630564
-4.521245
-4.526192
-4.537014
-4.537014
-4.646157
-4.960172
-4.960172
-4.683339
-4.660009
-4.929812
-4.903192
-4.915338
-5.290866
-5.500480
-5.681575
-5.699334
-5.884147
-5.869380
-5.788187
-5.797789
-5.797789
-5.890890
-5.848331
-5.543722
-5.539641
-5.641392
-5.398883
-4.750505
-4.762446
-4.885566
-5.013021
-5.117902
-4.794129
-4.709997
-4.816266
-4.503385
-4.498618
-4.509496
-4.690710
-4.539079
-4.502934
-4.433108
-4.440803
-4.698974
-4.923790
-5.126387
-5.506093
-5.509164
-5.315103
-5.625664
-5.481232
-5.434147
-5.240174
-5.021365
-5.148626
-5.010591
-5.024458
-5.071902
-5.034364
-5.203572
-5.099455
-5.032973
-4.766538
-5.306027
-5.305523
-5.428331
-5.135147
-5.230665
-5.088633
-5.124955
-5.127107
-5.144243
-5.240655
-5.229746
-5.235056
-5.068667
-5.099769
-5.350019
-5.094552
-5.133921
-5.167656
-5.074070
-5.100522
-5.466713
-5.173784
-5.185960
-5.381650
-5.284734
-5.383155
-6.348383
-6.148852
-6.248350
-5.981747
-6.024584
-5.952661
-5.777466
-5.804580
-5.870768
-6.195421
-6.196858
-6.111668
-6.155612
-5.661579
-5.661579
-5.827004
-5.679863
-5.868945
-5.801326
-5.879251
-5.947334
-5.946286
-5.940375
-5.940375
-5.925891
-5.549888
-5.193924
-5.271064
-5.011309
-5.239295
-5.106272
-5.123489
-5.107573
-5.089106
-5.205564
-5.220729
-5.347481
-5.078347
-4.876596
-4.948278
-4.910744
-4.815221
-4.856283
-4.393316
-4.370851
-4.637722
-4.991044
-4.816914
-4.887691
-4.667976
-4.876914
-4.825443
-5.282125
-5.202588
-5.207078
-5.267383
-5.261489
-5.300178
-5.302050
-5.306552
-5.307995
-5.092529
-5.169018
-5.343944
-5.319431
-5.332487
-5.332487
-5.292453
-5.174780
-5.188073
-5.341621
-5.082216
-5.082216
-5.092583
-5.092855
-5.503083
-5.504451
-5.441972
-5.563136
-5.555749
-4.839427
-4.761460
-4.903466
-4.900045
-4.615923
-4.615923
-4.473765
-4.502544
-4.476128
-4.078599
-3.995947
-3.983544
-3.975481
-4.226015
-4.233799
-4.291435
-4.291993
-4.655632
-4.819205
-4.748547
-4.740090
-4.488731
-4.487977
-4.487977
-4.487977
-4.598857
-5.233097
-5.094387
-5.170254
-4.480255
-3.922017
-3.954621
-3.778663
-3.884538
-3.856025
-3.992007
-4.100127
-4.100127
-4.172332
-3.987961
-3.996136
-3.999141
-3.982465
-3.995012
-3.989003
-4.228930
-4.407860
-4.450962
-4.450962
-3.843449
-3.813889
-4.132403
-4.062437
-3.855083
-3.839338
-3.839338
-3.963800
-3.992245
-3.662845
-3.636259
-3.876014
-3.764873
-3.846993
-3.719363
-3.713542
-3.712938
-3.707944
-4.301455
-4.336675
-4.448882
-4.441720
-4.442190
-4.442190
-4.441281
-4.440655
-4.440655
-4.650382
-4.656229
-4.656229
-4.661799
-4.656013
-4.658468
-4.656049
-4.635075
-4.687031
-4.798366
-4.707757
-4.707757
-4.707757
-4.658171
-4.613865
-4.522391
-4.482554
-4.503169
-4.463728
-4.299580
-4.549882
-4.641119
-4.331841
-4.300500
-4.314683
-4.332505
-4.434804
-4.341869
-4.308098
-4.355168
-4.355342
-4.347484
-4.394635
-4.380059
-4.334523
-4.342536
-4.382317
-4.626798
-4.422155
-4.495540
-4.320167
-4.256426
-4.246161
-4.080564
-4.084714
-4.298030
-4.297044
-4.297044
-4.297044
-3.930898
-3.841476
-4.326023
-4.329672
-4.329672
-4.287651
-4.277866
-4.439442
-4.407954
-4.412435
-4.521155
-4.406627
-4.289644
-4.004003
-3.923678
-4.168357
-4.722308
-4.122469
-4.791767
-4.821810
-4.508097
-4.660097
-4.824718
-4.597366
-4.662911
-4.723476
-4.723476
-4.721202
-4.792966
-4.659841
-4.799516
-5.041428
-5.351377
-5.627192
-5.649528
-5.649528
-5.452171
-5.452171
-5.533782
-4.973749
-4.971670
-4.698115
-4.790015
-5.226735
-5.226459
-4.869909
-4.867771
-4.943080
-4.868185
-4.863425
-4.867870
-4.678371
-4.693703
-4.621659
-4.621659
-4.670337
-4.757321
-4.757295
-5.234930
-5.231764
-5.231421
-5.266870
-5.486102
-5.546216
-5.546216
-5.547186
-5.544923
-5.201457
-5.094269
-5.175694
-5.073765
-5.077510
-5.189719
-4.792862
-4.876910
-4.860070
-5.060362
-5.060362
-5.125374
-4.672521
-4.654582
-4.610654
-4.707539
-5.182211
-5.445011
-5.543270
-5.902333
-5.871346
-5.863569
-5.670183
-5.782803
-5.862622
-5.862622
-5.896992
-5.893375
-5.584892
-5.646957
-5.786102
-6.079803
-6.116791
-6.046421
-5.927777
-5.814938
-5.759535
-5.882623
-5.860389
-5.866768
-5.639703
-5.341526
-5.468760
-5.348403
-4.932035
-4.998443
-5.145735
-5.155251
-5.304507
-5.280267
-5.118404
-5.238120
-5.367135
-5.306799
-5.200450
-5.147643
-5.153688
-5.159741
-5.044439
-5.197792
-4.938896
-4.913778
-4.830751
-4.983473
-5.201614
-5.318787
-5.300030
-5.313409
-5.154742
-5.074295
-5.009182
-5.083270
-4.990118
-5.087464
-5.044869
-5.053050
-5.040939
-5.040939
-5.071448
-5.147795
-5.287050
-5.176298
-5.052116
-4.744777
-4.428245
-4.427244
-4.426663
-4.406666
-3.768211
-3.725392
-3.392326
-3.329452
-3.333610
-3.330509
-3.826043
-3.808357
-4.162321
-4.162321
-4.158989
-3.974190
-4.324104
-4.275116
-4.305662
-3.823789
-3.823789
-3.814955
-3.814955
-4.226311
-3.498304
-3.498304
-3.742424
-3.788323
-3.766670
-3.959489
-4.928842
-4.981442
-4.836788
-4.509281
-4.534780
-4.683295
-4.732829
-5.085170
-4.625730
-4.627434
-4.591542
-4.561801
-4.583864
-4.583864
-4.642005
-4.571089
-4.649399
-4.752250
-4.680290
-4.644651
-4.644094
-4.658469
-4.658469
-4.669735
-4.997708
-4.793083
-4.758903
-5.000127
-4.995521
-4.810556
-4.817405
-4.791529
-4.725738
-4.541988
-4.200816
-4.512399
-5.048904
-4.812408
-4.958494
-5.009068
-5.097131
-5.286716
-5.051353
-4.465672
-4.357884
-4.388360
-4.671840
-4.510057
-4.529662
-4.611044
-4.583432
-4.774862
-4.844266
-4.745516
-4.745516
-4.925963
-5.260146
-5.230460
-5.198070
-5.213420
-5.092962
-5.081516
-5.081516
-5.029985
-4.865083
-4.852478
-4.868530
-4.680408
-4.785179
-4.445069
-4.456414
-4.921607
-4.921607
-4.921607
-4.921607
-4.898128
-4.899823
-4.906678
-4.927751
-4.832644
-4.833024
-4.806550
-4.952943
-4.751493
-4.923049
-4.923049
-5.033316
-4.858776
-4.785749
-4.784552
-4.695154
-4.674746
-4.611356
-3.926198
-3.836895
-3.727137
-3.625699
-3.578249
-3.867128
-3.898373
-3.912907
-3.890855
-3.981624
-4.131275
-3.740969
-3.740969
-3.661590
-4.032279
-3.680761
-3.821709
-3.825496
-3.554147
-3.697514
-4.109713
-4.114715
-4.163448
-4.250518
-4.234884
-4.086500
-4.089523
-3.898442
-3.893156
-3.893156
-3.893156
-3.945740
-3.719080
-3.695617
-3.422772
-3.513482
-3.513652
-3.655462
-3.519475
-3.390081
-3.400610
-3.669671
-3.672529
-3.626727
-3.626727
-3.550772
-3.602480
-3.610430
-3.617152
-3.505313
-4.147824
-3.068550
-3.660668
-3.724635
-3.281074
-4.126030
-4.106170
-4.020898
-4.020898
-4.020898
-4.018331
-4.035927
-4.092448
-4.045789
-4.047384
-4.047384
-4.229815
-4.229815
-4.230702
-4.420147
-4.420147
-4.337853
-4.378684
-4.456582
-4.388844
-4.406230
-4.429339
-4.434073
-4.399258
-4.373878
-4.354744
-4.449311
-4.463650
-4.713877
-4.518975
-4.629328
-4.639491
-4.567584
-4.651622
-4.808979
-4.765106
-4.749449
-4.677929
-4.688271
-4.697766
-4.815396
-4.908228
-4.920025
-5.207724
-5.228126
-5.162418
-5.162418
-5.195974
-5.204505
-5.188985
-5.155766
-5.242156
-5.050849
-5.049259
-4.874729
-4.858074
-4.801356
-4.915703
-4.781545
-4.769880
-4.788456
-4.739486
-4.748413
-4.748294
-4.813401
-4.813959
-4.997836
-4.873430
-4.874524
-4.901230
-4.901230
-4.901230
-4.919862
-4.919862
-5.085110
-5.127849
-5.354142
-5.525122
-5.649694
-5.648585
-6.099509
-6.099509
-6.103352
-6.032991
-5.996261
-6.078860
-5.876882
-5.847444
-5.820426
-5.737996
-5.411016
-4.580803
-4.609198
-4.802470
-5.516192
-5.380172
-5.327527
-4.891857
-4.979657
-5.109973
-5.259543
-5.261194
-5.069185
-5.070615
-5.070615
-4.776668
-4.656983
-4.581521
-4.581521
-4.633602
-4.695905
-4.660025
-4.654797
-4.657444
-4.662382
-4.643222
-4.558914
-4.576021
-4.739096
-4.817942
-4.796500
-4.773156
-4.871618
-4.882661
-4.883849
-4.921010
-5.052360
-4.986266
-4.948583
-4.911100
-4.991264
-4.880692
-4.650456
-4.949828
-4.741080
-4.554578
-4.644338
-4.890564
-4.697954
-4.646436
-4.648864
-4.664503
-4.690845
-4.582916
-3.756908
-3.848137
-3.812615
-3.964390
-4.020090
-4.008021
-3.909059
-3.779933
-4.035382
-4.039999
-4.049040
-3.970836
-3.899026
-4.196713
-4.241932
-4.314773
-4.383484
-4.300713
-4.300559
-4.284531
-4.477041
-4.440485
-4.368516
-4.359931
-4.310651
-4.560028
-4.515114
-4.533649
-5.061423
-5.401115
-5.539334
-5.424446
-5.390399
-5.313895
-5.503577
-5.504474
-5.484343
-5.592191
-5.716107
-5.718880
-5.775092
-5.333989
-5.391756
-5.506405
-5.369675
-5.307938
-5.339772
-5.334742
-5.446743
-5.564068
-5.371867
-5.345187
-5.391885
-5.438533
-5.323937
-5.287676
-5.276004
-5.024634
-5.048867
-4.978675
-4.978493
-4.973439
-5.000294
-5.396262
-5.342513
-5.342513
-5.342686
-5.337320
-5.198166
-5.217775
-5.209154
-5.155822
-5.188319
-5.370019
-5.800361
-5.886973
-5.853164
-5.770961
-5.770961
-5.820853
-5.906490
-5.737771
-5.762384
-5.563685
-5.539284
-5.558187
-5.579660
-5.550589
-5.543138
-5.566010
-5.629895
-5.596916
-5.344184
-5.272222
-5.234252
-5.408442
-5.447647
-5.337139
-5.385229
-5.459836
-5.459836
-5.460290
-5.360398
-5.373131
-5.250370
-5.260508
-5.119418
-5.117646
-5.293400
-5.432890
-5.371317
-5.426514
-5.387284
-5.387786
-5.387786
-5.407311
-5.493873
-5.388039
-5.406650
-5.574540
-5.592419
-5.592563
-5.594057
-5.569478
-5.551264
-5.901667
-5.908158
-5.695212
-5.636856
-5.698618
-6.053353
-5.992782
-5.961308
-6.034106
-6.316472
-5.729426
-5.711290
-5.690115
-5.691091
-5.675859
-5.776200
-5.839669
-5.698110
-5.843275
-5.844544
-5.817320
-5.783054
-5.722741
-5.671033
-5.668098
-5.646436
-5.441719
-5.530097
-5.630387
-5.480276
-5.475118
-5.493712
-5.417470
-5.421126
-5.307394
-5.358014
-5.282460
-5.296143
-5.296143
-5.263523
-5.532480
-5.565043
-5.364643
-5.296568
-5.314929
-5.669883
-5.450386
-5.335889
-5.438827
-5.249499
-5.493962
-5.253783
-4.854037
-5.381297
-5.465696
-5.299714
-5.273646
-5.059927
-5.072516
-5.087156
-4.945615
-5.212221
-5.537049
-5.854635
-5.753088
-5.796683
-5.806391
-5.674913
-5.379108
-5.742860
-5.150761
-5.249915
-5.651539
-5.699886
-5.699886
-6.160736
-6.153055
-6.159388
-6.222232
-6.235910
-6.176393
-6.212872
-6.212872
-5.909965
-5.992944
-5.992944
-5.992944
-5.992944
-5.992945
-6.001342
-6.020191
-6.055698
-5.577979
-5.530707
-5.513575
-5.398038
-5.398038
-5.356031
-5.350863
-5.297758
-5.318247
-5.128600
-4.955035
-5.171303
-5.161220
-5.266044
-5.266044
-5.283399
-5.352125
-5.264603
-5.298305
-5.075505
-5.175421
-5.187625
-5.149813
-5.381511
-5.385619
-5.417371
-5.388645
-5.388645
-5.292119
-5.303281
-4.925603
-4.721401
-4.111043
-4.135299
-4.124539
-4.141322
-4.140911
-4.077787
-4.327698
-4.327698
-4.260740
-4.317723
-4.317723
-4.603332
-4.598028
-4.630038
-4.630038
-4.711925
-5.140941
-5.147500
-5.147500
-5.230096
-4.974376
-5.046121
-5.078928
-4.937045
-4.721207
-4.689470
-4.507792
-4.602743
-5.064030
-5.023530
-4.982065
-4.993871
-4.959992
-4.901190
-4.900909
-5.000131
-5.253749
-5.136317
-5.273496
-5.521071
-5.916440
-5.904365
-5.904197
-5.866948
-5.876540
-5.876540
-5.932488
-5.921438
-5.922051
-5.922051
-5.767722
-5.720166
-5.720166
-5.554305
-5.584345
-5.583959
-5.570699
-5.531301
-5.646603
-5.554267
-5.419327
-5.369770
-5.462463
-5.523293
-5.516292
-5.516544
-5.480797
-5.489504
-5.323872
-5.269847
-5.292871
-5.293687
-5.170820
-5.183933
-5.229784
-5.175694
-5.142701
-5.319829
-5.289944
-5.348263
-5.577998
-5.509812
-5.489438
-4.935492
-4.538238
-4.480285
-4.531954
-4.559437
-4.940292
-5.027011
-4.500990
-4.470912
-4.788449
-4.770740
-4.658382
-4.775767
-4.818186
-5.040982
-4.856308
-4.606197
-4.325777
-4.480099
-4.430309
-4.011097
-3.918196
-3.942785
-4.047025
-4.049474
-4.088817
-4.206165
-4.054765
-4.080918
-3.995694
-4.395353
-4.404489
-4.404489
-4.407464
-3.955369
-3.904508
-3.906323
-3.881263
-3.857151
-3.857151
-3.536710
-3.501424
-4.167374
-4.163444
-3.926899
-3.915515
-4.362221
-4.324524
-4.234070
-4.586141
-4.406267
-4.406267
-4.168506
-3.319262
-3.450632
-3.853912
-3.811555
-4.444984
-4.393569
-4.316156
-4.106156
-4.482059
-4.318886
-4.445512
-4.583046
-4.412877
-4.413809
-4.331074
-4.642787
-4.388947
-4.796850
-4.751317
-4.103845
-4.143666
-4.509869
-4.509869
-4.640823
-4.418572
-4.425162
-4.441084
-4.569816
-4.799148
-5.147805
-5.329579
-5.293650
-5.393545
-5.442058
-5.341542
-5.536361
-5.392189
-5.584537
-5.617249
-5.726763
-5.438072
-5.050906
-5.038124
-5.069382
-5.029660
-5.094315
-5.072645
-4.681969
-4.487025
-4.488224
-4.576567
-4.138760
-4.340846
-4.429962
-4.701571
-4.962225
-4.417848
-4.345480
-4.416218
-4.621339
-4.541219
-4.533175
-4.808284
-4.812587
-4.952256
-4.663744
-4.313111
-4.484041
-5.015517
-4.894085
-4.892921
-4.386637
-4.158113
-4.905494
-4.924280
-5.063396
-5.109425
-5.107233
-5.394578
-5.264276
-5.262602
-5.106362
-5.126822
-5.075053
-4.905525
-4.840930
-4.808967
-4.958202
-4.951210
-4.938161
-4.938161
-4.938018
-4.938018
-4.938018
-4.777971
-4.844434
-4.838998
-4.908673
-4.801734
-4.801734
-4.784129
-4.701124
-4.793778
-4.920606
-4.979442
-4.848266
-4.877055
-5.334150
-5.231669
-5.381865
-5.521372
-5.549362
-5.634881
-5.769850
-5.740132
-5.690492
-5.569771
-5.540493
-5.449421
-5.453588
-5.443961
-5.408284
-5.408044
-5.431767
-5.450098
-5.425149
-5.461213
-5.461105
-5.687976
-5.687329
-5.610449
-5.620253
-5.647728
-5.647728
-5.449682
-5.303758
-5.235509
-5.705792
-5.648264
-5.690246
-5.732766
-5.713606
-5.735601
-5.665478
-5.543945
-5.674212
-5.788674
-5.727708
-5.619442
-5.676964
-5.674286
-5.564725
-5.583148
-5.605479
-5.512548
-5.300728
-5.228045
-5.125050
-5.492388
-5.488412
-5.313302
-5.182609
-5.573064
-4.796071
-4.802423
-4.770496
-4.837107
-5.065272
-5.189765
-5.189765
-5.263258
-5.445852
-5.547843
-5.531021
-5.532214
-5.691935
-5.589221
-5.626483
-4.684707
-4.105970
-4.399218
-4.277796
-4.172428
-3.906671
-4.003940
-4.058925
-4.102536
-4.267489
-4.267489
-4.361986
-4.509549
-4.509549
-4.475406
-4.344193
-4.338483
-4.335492
-4.446832
-4.441956
-4.557281
-4.542205
-4.806169
-4.745217
-4.664462
-4.580240
-4.834750
-5.329064
-6.282999
-6.194991
-6.277935
-6.352586
-6.334730
-6.334730
-6.308345
-6.281199
-6.226519
-6.218867
-6.229483
-6.151255
-6.187402
-6.075626
-5.985677
-5.905428
-6.240547
-6.174142
-5.839577
-5.562861
-5.748647
-5.657594
-5.660525
-5.254755
-5.218836
-5.335731
-5.354702
-5.357811
-5.490707
-5.424851
-5.458405
-5.436991
-5.451501
-5.451501
-5.311505
-5.239721
-5.187731
-5.505452
-5.323563
-5.116892
-5.106010
-4.327389
-4.373446
-4.850074
-4.897178
-4.885678
-4.856575
-5.659463
-5.284011
-4.938500
-5.098130
-5.171737
-5.132688
-4.616861
-5.488942
-5.381137
-5.079091
-5.794006
-5.526514
-5.653246
-5.596775
-5.613676
-5.547615
-5.639470
-5.639470
-5.666164
-5.689366
-5.667855
-5.456232
-5.453402
-5.453402
-5.471064
-5.465476
-5.377167
-5.669860
-5.895077
-5.877749
-5.877749
-5.877749
-5.877749
-5.973675
-5.969581
-5.969700
-6.058069
-5.888154
-6.146833
-6.215520
-6.411481
-6.430475
-6.436251
-6.590939
-6.590939
-6.725354
-6.607620
-6.491543
-6.429282
-6.318200
-6.444677
-6.457751
-5.932231
-5.806872
-5.746334
-5.875716
-5.953322
-5.945504
-5.947670
-5.752201
-5.691187
-5.676738
-5.680125
-5.675729
-5.600447
-5.384718
-5.411180
-5.430434
-5.273082
-5.330993
-5.412298
-5.014397
-5.106734
-5.132240
-5.145376
-5.075129
-5.121785
-5.079707
-5.105275
-5.203629
-5.178087
-5.240916
-5.304282
-5.303394
-5.246906
-5.107589
-5.011040
-4.827301
-4.832698
-5.041087
-4.609102
-4.886151
-4.884925
-4.958773
-4.809742
-4.927013
-4.927013
-4.805835
-4.515892
-4.932807
-4.900397
-4.874015
-4.933442
-4.998777
-4.997294
-5.482149
-5.473915
-5.310951
-5.265445
-5.461954
-5.313814
-5.173882
-5.186274
-5.046986
-5.046986
-5.085639
-5.012360
-5.012360
-5.041136
-5.168510
-5.098161
-5.401010
-5.608372
-5.572626
-5.519542
-5.526629
-5.517861
-5.678596
-5.650188
-5.636313
-5.486137
-5.711882
-5.937545
-5.835741
-5.655986
-5.822229
-5.824212
-5.824212
-5.824212
-5.810817
-5.822048
-5.814774
-5.819536
-5.830555
-5.830555
-5.889024
-5.889024
-6.379572
-6.521027
-6.521027
-6.467280
-6.439324
-6.480262
-6.483683
-6.125001
-6.031902
-5.827361
-5.451692
-5.460818
-5.380766
-5.422981
-5.290716
-5.533710
-5.370404
-5.315072
-5.778718
-5.716288
-5.596756
-5.596756
-5.579468
-5.944685
-5.944685
-5.926914
-5.853292
-5.960969
-5.861476
-5.671231
-5.123195
-5.173794
-5.247048
-5.754225
-5.425095
-5.369195
-5.390798
-5.316959
-5.316959
-5.310485
-5.176508
-5.114435
-5.224553
-5.277272
-5.255527
-5.220922
-5.418372
-5.247623
-5.117554
-5.076430
-5.011648
-4.913841
-5.113490
-5.479944
-4.715635
-4.807588
-4.808192
-4.804489
-4.660421
-4.866557
-4.803940
-4.792742
-4.793865
-4.928439
-5.173430
-5.166433
-5.166433
-5.104210
-5.334274
-5.382636
-5.382636
-5.256769
-5.220022
-5.400103
-5.420251
-5.201502
-5.010056
-5.017550
-5.110709
-4.853909
-5.533695
-5.478536
-5.428388
-5.199267
-5.210762
-5.265066
-4.823323
-4.029472
-4.031180
-4.265611
-4.368092
-4.394765
-4.657710
-4.754827
-4.757733
-4.389981
-4.845518
-4.844785
-5.557190
-5.459413
-5.597396
-5.286418
-5.200769
-5.184899
-5.055030
-5.199179
-5.180522
-5.426537
-5.484843
-5.297138
-5.237439
-5.464755
-5.383703
-5.483647
-5.430874
-5.347852
-5.122248
-5.122248
-5.124597
-5.124597
-5.260776
-5.265387
-5.173170
-4.611508
-4.408373
-4.746794
-4.714392
-4.626767
-4.626767
-4.626767
-4.627840
-4.623176
-4.624346
-4.661511
-4.677565
-4.814200
-4.798058
-4.622349
-4.622349
-4.191288
-4.188979
-3.751097
-3.750706
-3.624642
-3.997543
-4.018684
-3.978787
-3.983642
-3.983642
-3.965513
-3.965513
-4.312554
-4.308249
-4.157698
-4.157698
-4.159594
-3.974456
-4.267032
-4.083758
-4.083758
-3.956519
-4.127345
-4.070330
-4.077649
-4.179184
-4.180657
-3.984305
-4.300604
-4.787528
-4.734954
-4.604902
-4.648238
-4.913589
-4.912494
-4.912850
-4.871533
-5.346363
-5.401155
-5.450623
-5.450623
-5.597689
-5.417240
-5.440459
-5.069373
-4.412520
-4.565447
-4.737212
-4.776451
-5.162938
-5.143028
-5.161872
-5.063482
-5.030618
-5.039696
-5.039696
-5.039696
-5.051644
-5.054929
-5.047100
-5.129702
-5.137942
-5.302047
-5.063529
-4.876071
-4.721896
-5.026146
-5.633406
-5.385202
-5.337812
-5.043131
-5.260901
-5.009708
-5.187301
-5.472091
-5.512637
-5.494133
-5.535127
-5.512119
-5.202600
-5.203309
-5.201101
-4.765490
-4.742771
-4.537488
-4.560987
-4.577622
-4.576737
-4.576737
-5.031819
-5.031819
-5.031819
-5.072604
-5.074561
-5.077025
-5.126080
-5.117415
-5.114493
-4.642691
-4.708014
-4.687803
-5.028562
-5.040837
-5.040837
-4.988339
-4.969835
-5.163043
-4.891241
-4.891241
-4.899936
-4.899936
-4.899936
-4.899829
-4.892919
-4.740197
-4.306596
-4.471970
-4.631146
-5.271619
-5.261074
-5.261074
-5.305955
-5.257706
-5.257706
-5.245961
-5.352482
-5.345589
-5.410315
-5.533378
-5.693059
-5.693059
-5.693154
-5.395280
-5.430725
-5.408861
-5.408861
-5.227346
-5.173108
-5.228769
-5.228769
-5.024534
-5.090230
-5.109989
-4.987784
-5.000911
-5.140888
-5.070428
-5.589135
-5.554291
-6.011249
-6.011249
-5.867481
-5.618527
-5.506768
-5.340609
-5.437367
-5.527525
-5.456094
-5.192560
-5.736545
-5.717288
-5.716405
-5.454848
-5.376584
-5.281776
-5.561846
-5.561846
-5.406762
-4.951347
-5.009002
-5.138731
-4.966650
-4.911983
-4.731216
-5.213829
-5.596323
-5.481055
-5.468033
-5.503565
-5.503565
-5.758835
-5.793040
-5.607424
-5.389316
-5.389316
-5.275099
-5.538040
-5.471954
-5.471954
-5.286099
-5.434549
-5.440409
-5.382618
-5.382618
-5.609407
-5.621737
-5.604186
-5.595731
-5.638419
-5.667070
-5.667070
-5.622635
-5.616754
-5.648213
-5.644539
-5.644539
-5.640847
-5.636478
-5.651339
-5.649613
-5.696575
-5.681859
-5.601974
-5.655761
-5.655761
-5.642332
-5.612984
-5.529336
-5.419415
-5.419415
-5.445744
-5.615000
-5.532680
-5.532680
-5.543868
-5.656978
-5.640611
-5.568403
-5.772483
-5.656648
-5.683915
-5.721017
-5.757192
-5.672429
-5.687256
-5.729300
-5.725894
-5.725894
-5.733798
-5.665470
-5.627239
-5.627239
-5.820069
-5.770463
-5.816011
-5.786938
-5.738144
-5.712901
-5.803994
-6.124148
-6.128456
-6.075658
-5.974859
-6.217829
-6.262342
-6.430255
-6.405492
-6.350459
-6.350459
-6.255200
-6.223828
-6.194174
-5.949122
-5.864434
-5.577328
-5.530888
-5.407881
-5.396173
-5.294325
-5.054623
-5.257180
-5.418186
-5.260704
-5.307168
-5.390047
-5.194486
-5.494490
-5.516377
-5.248446
-3.681097
-3.808633
-3.500094
-3.283244
-3.747503
-4.538416
-4.554190
-4.716477
-4.716310
-4.716310
-4.616932
-4.625836
-4.198668
-3.895817
-3.895817
-3.702380
-3.542880
-3.590243
-3.758044
-3.775478
-3.544106
-3.537159
-3.634028
-3.627052
-4.073873
-3.961072
-3.932311
-3.982842
-4.033732
-4.411926
-4.555048
-4.569139
-4.568953
-4.463953
-4.302158
-4.272356
-4.298311
-4.457126
-4.513427
-4.517294
-4.960024
-5.669630
-4.462719
-4.500198
-4.329417
-4.335830
-4.253225
-4.372404
-4.363930
-5.135887
-5.301629
-5.231232
-5.351979
-5.347239
-5.251158
-5.471628
-5.369530
-5.655356
-5.708830
-5.845142
-5.720369
-5.342856
-5.359815
-5.517918
-5.496364
-5.314666
-5.299625
-5.701797
-5.699519
-4.980661
-4.778503
-5.272528
-5.044556
-5.117408
-5.112983
-5.530765
-5.465213
-5.398466
-5.412083
-5.400490
-5.392052
-5.388131
-5.392115
-5.530549
-5.490118
-5.498820
-5.699174
-5.616074
-5.599028
-5.583102
-5.515892
-5.526594
-5.387542
-5.387542
-5.668514
-5.668664
-5.661318
-5.515043
-5.578178
-5.629929
-5.288238
-5.340752
-5.222933
-5.155735
-5.021562
-4.883383
-4.814674
-4.953223
-4.939329
-4.807537
-4.810848
-5.227607
-5.286191
-5.143206
-5.239846
-4.961864
-4.636844
-4.376774
-4.669111
-4.697435
-4.536231
-4.864208
-3.986957
-3.993164
-4.757068
-4.931427
-5.038627
-5.003641
-4.897985
-4.914283
-4.974521
-4.765674
-4.771953
-5.517876
-5.532910
-5.532910
-5.532910
-5.534841
-5.274094
-5.282366
-5.188838
-5.190291
-5.175923
-5.338598
-5.122512
-5.073850
-5.160525
-4.917399
-5.070421
-5.048711
-4.987206
-4.834179
-4.877664
-4.704272
-4.709105
-4.723268
-4.734482
-4.757874
-4.514272
-4.493968
-4.488791
-4.561035
-4.448543
-4.942044
-4.932024
-4.876867
-4.920333
-4.992388
-5.053388
-4.966190
-5.059629
-5.038379
-5.108131
-5.089607
-5.066106
-4.734613
-5.094220
-5.097106
-5.077443
-5.140949
-5.140949
-5.146965
-5.146965
-5.067875
-5.103112
-4.989491
-4.985392
-5.343577
-5.347657
-4.826647
-4.829460
-4.907978
-4.978786
-5.041008
-5.065311
-4.834923
-4.794612
-4.945747
-4.929903
-4.899519
-5.006259
-4.896062
-4.903774
-4.597336
-4.660708
-4.656013
-4.739235
-4.723096
-5.217105
-4.635071
-5.026485
-4.839083
-5.163845
-5.138304
-5.138304
-5.203703
-4.696877
-4.655522
-4.126222
-4.228713
-5.534469
-5.502137
-5.422478
-5.327716
-5.362309
-5.529931
-5.529931
-5.376325
-5.315165
-5.176290
-5.122357
-5.172538
-5.170705
-5.038512
-5.056459
-5.064544
-5.076980
-5.076980
-5.236379
-5.256623
-5.260719
-5.242955
-5.342350
-5.250400
-5.033651
-5.033651
-5.158632
-4.728596
-4.730561
-4.567836
-4.583632
-4.583632
-4.756688
-4.454944
-4.501011
-4.404520
-4.406949
-4.405125
-4.391959
-4.414199
-4.444776
-4.446987
-4.438402
-4.435375
-4.431942
-4.475944
-4.475944
-4.422771
-4.506444
-4.588491
-4.575299
-4.616419
-4.618787
-4.666167
-4.502811
-4.546756
-4.689601
-4.820422
-4.635997
-4.872135
-5.210593
-5.341295
-5.195158
-5.084752
-4.895971
-4.840089
-4.840089
-4.829569
-4.814080
-5.068625
-4.413037
-4.180918
-4.201148
-4.207106
-4.442274
-4.217542
-4.979544
-4.907747
-4.818632
-5.263956
-5.508065
-5.434860
-5.433630
-5.436036
-5.772363
-5.645459
-5.964412
-5.877241
-5.925640
-6.167852
-6.296040
-6.253602
-6.287555
-6.139275
-6.248685
-6.272306
-6.050482
-6.092204
-5.555092
-5.544947
-5.318678
-5.300134
-5.236483
-5.265188
-5.361723
-5.161619
-5.128460
-5.128460
-5.145705
-5.233762
-5.256714
-5.183262
-5.182452
-5.182452
-5.193979
-5.167535
-5.341139
-5.200672
-5.256950
-5.325049
-5.352914
-5.313364
-5.318098
-5.318098
-5.437754
-5.042051
-5.075100
-4.873041
-4.773152
-4.773675
-4.808073
-4.824693
-4.634462
-4.645595
-4.635820
-4.592589
-4.415086
-4.415505
-4.415505
-4.756744
-4.753195
-4.574068
-4.526896
-4.747689
-4.729856
-4.686296
-4.667515
-4.487815
-4.599444
-4.610955
-4.631497
-4.936070
-5.007211
-5.013706
-5.293083
-5.409871
-5.323388
-5.371710
-5.368782
-5.278697
-5.206186
-5.222497
-5.216295
-5.172846
-5.188850
-5.285661
-4.915992
-4.899021
-4.876370
-4.934012
-4.937660
-4.546325
-4.747944
-4.797796
-4.652717
-4.780541
-4.858082
-4.857740
-4.707944
-4.707944
-4.707944
-4.707944
-4.646006
-4.593178
-4.555566
-5.243948
-5.251066
-5.083933
-5.126687
-5.128770
-5.224522
-5.227803
-5.123801
-5.179374
-4.975347
-4.975347
-4.893307
-5.039262
-4.951476
-5.335991
-5.271030
-5.343716
-5.294240
-5.264337
-4.994525
-4.999332
-5.705894
-5.705894
-6.027307
-6.023141
-5.730673
-5.647383
-5.538933
-5.546519
-5.571070
-5.572921
-5.652119
-5.144849
-5.147880
-5.092266
-5.062153
-5.729454
-5.698539
-5.504623
-5.022057
-5.003603
-4.701191
-4.741739
-4.648463
-5.152724
-5.179681
-4.690145
-5.023692
-5.121082
-4.987949
-4.994624
-4.993995
-5.195620
-5.158036
-5.000144
-4.647899
-4.572195
-5.005939
-5.086753
-4.990401
-4.976107
-4.908731
-5.006017
-5.258725
-5.258280
-5.258280
-5.211448
-5.330240
-5.306200
-5.269648
-5.271257
-5.271257
-5.309033
-5.309033
-5.360623
-5.371552
-5.371552
-5.371552
-5.408877
-5.398815
-5.587014
-5.536898
-5.504681
-5.543620
-5.476198
-5.519742
-5.548658
-5.651186
-5.651186
-5.423081
-5.027534
-4.777844
-4.669541
-4.853833
-4.854277
-4.238008
-4.483978
-4.631952
-4.622282
-4.889276
-4.889276
-4.928099
-5.375474
-5.272607
-5.231403
-4.717784
-4.737211
-4.411340
-4.367588
-4.224821
-4.517039
-4.576578
-4.588271
-4.588271
-4.404287
-4.478122
-4.343569
-4.036261
-4.132216
-4.472041
-4.152911
-4.281499
-4.613656
-4.461459
-4.435410
-4.037242
-3.920536
-3.963784
-3.946346
-3.582532
-3.775049
-3.782605
-4.307341
-4.307341
-4.392293
-4.303967
-4.303967
-4.308080
-4.308782
-4.322320
-4.322233
-4.330767
-4.286292
-4.457091
-4.682083
-4.790836
-4.861383
-4.888597
-4.813537
-4.755409
-5.406952
-5.455089
-5.423259
-5.256634
-5.127325
-5.588122
-5.450146
-5.476466
-4.947777
-4.753848
-4.753848
-4.886673
-4.955389
-5.678310
-5.501973
-5.503996
-5.503996
-5.500027
-5.500027
-5.558952
-5.558952
-5.581406
-5.613198
-5.658852
-5.658852
-5.658852
-5.601842
-5.515302
-5.555131
-5.555131
-5.502725
-5.589122
-5.474131
-5.469561
-4.948131
-5.211055
-5.067961
-5.090256
-5.381354
-5.637469
-5.533647
-5.237909
-5.178877
-5.522062
-5.506468
-5.293390
-5.287823
-5.303109
-5.070905
-5.092446
-5.383099
-5.511499
-5.569364
-5.463473
-5.566791
-5.363247
-5.262183
-5.316564
-5.137555
-4.828810
-4.816762
-4.811204
-4.518739
-4.265545
-4.191612
-4.197521
-4.263698
-4.325588
-3.783193
-3.621431
-3.529575
-3.519013
-3.779588
-3.388692
-3.427892
-4.043127
-4.043806
-4.123720
-3.697979
-3.372640
-3.550877
-3.670292
-3.801841
-3.779722
-3.594556
-3.473217
-3.479238
-3.877497
-4.078040
-4.179162
-4.048969
-4.650386
-4.948329
-4.504141
-4.934260
-4.746039
-4.731609
-4.802159
-4.845812
-4.805740
-4.802611
-4.890550
-4.959600
-5.159036
-5.148815
-5.168615
-4.751661
-4.560497
-4.612259
-4.766271
-4.108685
-4.009458
-4.012397
-4.076737
-4.161564
-4.165458
-4.353591
-4.264647
-4.264647
-4.237563
-4.242488
-4.241422
-4.241422
-4.180230
-4.180230
-4.166897
-4.024373
-3.914095
-4.240988
-4.362609
-4.934788
-4.897226
-4.769216
-4.693736
-4.716846
-4.558971
-4.556536
-4.444488
-4.029709
-4.173643
-4.239460
-4.178648
-4.525032
-4.525032
-4.431817
-4.346206
-4.027016
-4.279851
-4.456046
-4.373056
-4.772211
-4.584421
-4.640838
-4.690872
-4.870128
-4.841474
-4.616849
-4.616720
-4.523185
-4.523185
-4.664836
-4.664836
-4.710074
-4.703249
-4.662701
-4.793448
-4.679190
-4.652095
-4.649476
-4.314937
-4.869728
-4.904298
-4.895243
-4.896919
-5.059038
-5.096906
-5.126075
-5.126074
-5.135222
-5.152621
-5.190772
-5.467183
-5.383798
-5.401905
-5.395103
-5.369274
-5.445866
-5.445866
-5.445866
-5.270432
-5.100547
-4.986246
-5.377981
-5.402550
-5.402550
-5.349632
-5.251632
-5.176247
-5.259865
-5.290635
-5.157088
-4.681930
-4.711348
-4.711536
-4.712403
-5.211436
-5.189747
-5.193953
-5.138199
-5.092187
-5.314054
-5.162077
-4.912367
-5.192486
-5.251223
-5.174455
-5.143480
-5.233812
-5.051523
-5.075803
-5.059356
-5.649054
-5.882574
-5.905074
-5.700360
-5.678075
-5.692437
-5.393238
-5.354892
-4.691563
-4.870871
-5.014063
-5.077331
-5.046276
-5.220627
-5.007806
-5.072206
-5.043994
-5.529629
-5.310089
-5.309707
-5.277005
-5.263037
-5.251759
-5.253004
-5.167059
-5.259438
-5.053989
-5.070038
-5.484364
-5.270051
-5.254236
-5.218700
-4.818221
-4.797465
-4.804308
-4.782607
-4.816409
-4.784330
-4.786047
-4.818557
-4.891490
-4.902773
-4.902773
-4.893426
-4.826393
-4.884324
-4.861117
-5.052178
-4.997977
-5.018761
-5.019183
-5.023200
-5.036398
-5.135721
-4.831801
-4.928932
-5.133415
-5.057514
-4.960994
-4.901841
-5.089201
-5.062093
-4.778821
-4.998527
-4.736443
-5.071278
-5.103809
-5.092504
-4.792225
-4.783553
-4.728253
-4.708738
-4.643846
-4.643846
-4.661108
-4.696041
-4.689039
-4.668239
-5.037070
-5.070882
-5.052974
-4.912071
-5.204909
-5.197134
-4.982422
-4.964241
-4.843251
-4.660019
-4.643147
-4.644981
-4.490198
-4.491508
-4.457120
-4.275118
-4.277173
-4.277173
-3.806089
-3.891174
-3.733575
-3.699065
-3.563905
-3.629917
-3.629917
-3.629917
-3.629917
-3.629917
-3.691152
-3.522659
-3.741393
-3.473539
-3.557258
-3.611687
-3.611687
-3.617028
-3.617028
-3.617028
-3.372002
-3.922353
-4.115982
-3.744322
-3.490792
-3.682596
-3.669352
-3.751900
-3.819660
-4.718489
-4.831494
-4.735989
-4.869652
-4.852385
-4.830644
-4.830644
-4.830331
-4.968812
-4.948918
-5.033528
-5.005132
-4.825803
-4.861190
-4.865010
-4.986265
-5.009838
-5.292099
-5.343358
-5.597108
-5.678230
-5.685645
-6.071425
-6.069766
-6.113958
-5.641657
-6.095670
-6.051633
-5.896559
-5.888728
-5.977257
-5.977257
-5.646276
-5.539906
-5.628201
-5.628951
-5.280336
-5.323868
-5.239875
-5.239875
-5.119124
-5.174180
-5.193102
-5.436013
-5.380488
-5.377095
-5.351677
-5.566804
-5.620668
-5.649858
-5.612469
-5.462128
-5.441893
-5.410422
-5.359306
-5.361782
-5.380480
-5.458671
-5.458064
-5.352319
-5.394309
-5.392460
-5.167285
-5.492193
-5.492718
-5.410259
-5.468405
-5.491722
-5.530547
-5.593515
-5.630702
-5.767776
-5.768652
-5.824617
-5.863297
-5.880371
-6.114325
-6.117224
-5.963411
-5.977328
-5.980596
-5.980596
-5.971846
-5.969845
-5.889399
-5.943901
-5.856712
-6.298463
-6.242610
-6.031450
-5.932029
-6.006436
-6.034894
-6.018066
-6.026485
-5.869235
-5.780133
-5.780133
-5.780133
-5.783127
-5.743600
-5.757295
-5.858006
-5.972387
-5.928031
-5.859522
-5.851894
-5.862272
-5.862272
-5.828647
-6.036096
-5.791538
-5.791538
-5.527654
-5.433810
-5.359904
-5.449956
-5.963914
-5.905321
-5.896362
-5.831270
-5.831270
-5.837605
-5.402685
-5.552665
-5.587601
-5.597384
-5.597384
-5.799561
-5.862958
-5.877024
-5.900090
-5.978804
-5.866801
-5.845453
-5.844644
-5.783665
-5.819047
-5.810512
-5.813898
-5.532652
-5.532652
-5.527120
-5.529870
-5.529870
-5.944133
-5.810685
-5.799210
-5.781408
-5.358993
-5.310534
-5.269397
-5.152987
-4.995254
-5.026712
-5.048924
-5.155189
-5.123521
-5.175354
-5.183189
-5.053625
-5.111659
-5.061201
-5.093973
-4.974827
-4.952749
-5.127474
-4.892942
-4.923711
-5.059519
-5.009787
-4.972009
-5.012468
-4.939011
-4.933797
-4.915549
-4.921427
-4.904243
-4.894086
-5.054322
-4.803481
-5.033078
-5.334032
-5.288618
-5.329561
-5.244926
-5.244926
-5.280782
-5.286634
-5.307136
-5.265490
-5.275441
-5.105365
-5.103433
-5.008084
-4.782024
-4.789592
-5.071691
-5.043460
-5.052830
-5.076654
-4.886072
-4.882365
-5.035317
-5.043144
-5.094022
-5.343902
-5.303597
-5.226402
-4.624132
-4.662261
-4.732823
-5.221302
-5.332345
-5.329144
-5.237161
-5.202157
-5.291200
-5.293789
-5.402665
-5.477350
-5.444109
-4.955362
-4.685462
-4.642499
-4.796567
-4.397054
-4.600253
-4.942548
-4.918387
-5.015416
-5.049995
-5.044415
-4.956646
-4.959626
-4.955469
-4.950860
-4.973429
-4.999274
-4.910425
-4.736918
-4.514400
-4.901195
-4.843223
-5.008286
-4.901535
-5.018972
-5.226125
-5.217726
-5.041884
-5.384004
-5.436430
-5.373988
-5.441510
-5.441510
-5.356933
-5.481375
-5.480905
-5.406142
-5.406142
-4.776701
-4.904943
-4.968419
-4.829179
-5.013058
-5.004757
-5.137632
-5.348677
-5.348677
-5.321668
-5.437260
-5.432296
-5.434687
-5.677533
-5.708013
-5.728965
-5.668575
-5.819405
-5.774904
-5.823674
-5.893539
-5.886395
-5.891919
-5.707568
-5.667691
-5.439037
-5.415013
-5.209062
-5.062282
-5.217211
-4.970553
-5.032957
-4.956985
-4.890902
-4.798461
-4.818744
-4.854170
-4.840826
-4.846907
-4.902251
-4.902251
-4.902251
-5.188983
-5.194914
-5.194159
-5.054271
-5.053499
-5.053499
-5.065416
-5.065416
-4.971766
-4.966858
-4.898440
-4.897217
-4.897217
-4.995042
-4.793261
-4.879040
-4.912356
-4.898368
-5.134612
-4.951500
-4.951500
-4.920191
-4.769534
-4.394881
-4.273262
-4.238529
-4.183649
-4.253718
-4.267924
-4.539790
-4.561907
-4.556413
-4.566586
-4.566586
-4.624297
-4.624297
-4.513900
-4.816779
-5.635253
-5.695182
-5.666774
-5.605625
-5.424730
-5.420371
-5.441541
-5.300743
-5.369118
-5.393390
-5.382063
-5.384574
-5.492615
-5.511829
-5.046594
-4.784262
-4.838743
-4.838556
-5.022263
-5.028512
-5.061013
-5.127917
-5.290787
-5.369650
-5.343710
-5.527296
-5.500498
-5.305293
-5.315843
-5.388817
-5.186826
-4.978420
-5.001162
-5.088581
-5.018507
-5.018507
-4.855074
-4.679320
-4.648569
-4.872796
-4.850683
-4.975359
-5.247309
-5.259308
-5.290532
-5.185495
-4.841036
-4.877899
-4.867898
-4.952080
-5.250902
-5.195172
-4.606811
-4.606811
-4.675385
-5.083526
-5.006040
-5.033349
-5.424041
-5.605217
-5.640777
-5.597081
-5.597204
-5.541630
-5.541630
-5.652255
-5.702178
-5.735207
-5.735207
-5.525114
-5.233369
-5.490430
-5.467834
-5.724943
-5.871692
-5.996629
-5.835190
-5.734725
-5.676983
-5.625412
-5.431079
-5.196825
-5.157909
-5.121252
-5.055904
-4.909379
-4.934798
-4.931399
-4.931399
-4.758210
-4.838222
-4.838222
-4.845192
-5.482828
-5.472005
-5.569368
-5.727969
-5.721084
-5.761022
-5.558863
-5.485193
-5.084535
-5.053223
-5.121917
-5.307429
-5.253681
-5.323272
-5.323272
-5.122555
-5.022292
-5.334682
-5.154251
-5.224679
-5.237236
-5.082942
-5.067463
-5.402395
-5.704733
-5.162288
-5.162288
-5.162588
-5.105518
-5.049959
-5.219460
-5.275315
-5.288608
-5.288290
-5.169661
-5.169090
-5.071780
-4.692823
-4.686000
-4.683409
-4.732528
-4.860772
-4.791602
-4.791602
-4.773134
-4.772018
-4.772018
-4.540055
-4.536833
-4.537708
-4.642099
-4.634652
-4.634652
-4.975648
-4.798375
-4.803150
-5.036141
-4.889889
-4.914255
-4.799412
-4.805623
-4.803843
-5.068547
-4.719799
-4.773327
-4.787024
-4.109192
-4.220515
-4.561903
-4.561903
-4.504987
-4.560335
-4.666254
-4.787007
-4.796458
-4.685057
-4.471234
-4.196510
-4.179038
-4.432273
-4.405748
-4.521810
-4.759216
-4.741949
-4.501341
-4.432234
-4.412818
-4.416227
-4.432546
-4.504650
-4.518656
-4.517102
-4.335073
-4.634363
-4.282578
-4.282578
-4.526243
-4.527894
-4.527851
-4.527851
-4.135094
-3.856441
-4.654961
-4.672330
-4.710747
-4.209110
-4.249686
-3.790334
-3.774225
-3.785532
-3.560972
-4.593134
-4.503533
-4.458236
-4.459929
-4.311161
-3.997810
-3.997810
-3.997810
-4.655882
-4.798223
-4.936523
-4.912398
-5.000476
-4.728084
-4.628430
-4.360379
-4.378206
-4.382379
-4.452027
-4.730769
-4.793727
-4.575528
-4.744269
-4.591543
-4.536721
-4.633124
-4.487018
-4.041341
-3.998710
-4.263423
-3.345052
-4.332800
-4.933014
-4.386299
-4.550243
-4.438619
-4.312066
-4.307558
-4.305955
-4.179245
-4.321970
-4.390985
-4.296229
-4.588056
-4.705860
-4.900792
-4.900792
-4.877096
-4.869435
-4.869435
-4.843723
-4.877981
-4.978837
-4.944527
-4.890643
-5.149770
-5.155484
-5.170967
-5.279017
-5.285445
-4.880752
-4.957322
-4.795317
-4.784494
-4.788448
-4.731337
-4.731337
-4.726412
-4.988627
-5.139120
-4.976149
-4.716555
-4.747790
-4.425266
-4.407631
-4.055588
-4.113051
-4.442059
-4.563385
-4.556261
-4.739835
-4.713225
-4.737530
-4.947677
-5.268511
-5.074417
-5.055007
-5.503742
-5.165910
-5.264757
-5.226748
-5.212806
-5.134020
-5.134870
-4.948049
-4.980521
-4.729065
-4.719218
-4.686479
-4.636016
-4.636016
-4.612064
-5.146228
-4.925597
-5.529752
-5.401667
-5.392386
-5.615710
-5.669843
-5.678903
-5.859072
-6.211816
-6.251004
-6.179146
-5.898880
-5.951494
-6.012437
-5.727700
-5.481368
-5.290477
-5.696711
-5.644547
-5.654621
-5.554470
-5.737149
-5.771188
-5.807818
-5.891413
-5.902126
-5.743461
-5.197792
-5.265815
-5.248239
-5.254319
-4.937945
-4.894564
-4.894564
-4.933033
-4.910750
-4.910750
-5.256877
-5.143864
-4.621764
-4.897923
-4.857113
-4.124784
-3.979686
-4.024614
-4.125926
-4.125258
-4.240918
-4.241181
-4.252805
-4.177823
-4.235320
-4.146505
-4.143802
-4.005139
-4.005139
-4.005139
-4.105716
-4.211335
-3.616205
-3.645345
-4.363790
-4.826780
-4.773999
-4.686577
-4.574351
-5.148072
-4.920797
-4.720603
-4.844628
-4.878083
-4.529199
-4.694717
-5.040446
-5.112105
-5.112105
-5.061172
-5.095975
-5.063405
-5.552794
-5.602055
-5.653236
-5.653236
-5.697342
-5.287582
-5.459998
-5.676327
-5.716794
-5.436605
-5.354555
-5.287632
-5.287632
-5.527186
-5.488385
-5.399705
-5.399705
-5.417300
-5.369991
-5.464113
-5.399367
-5.399568
-5.414261
-5.486454
-5.435217
-5.458207
-5.458207
-5.458207
-5.458305
-5.462927
-5.658691
-5.659158
-5.671691
-5.661367
-5.614915
-5.593073
-5.604797
-5.312470
-5.403314
-5.403314
-4.822245
-5.229633
-5.195094
-5.192691
-5.200388
-5.211182
-5.480406
-5.479445
-5.491032
-5.673169
-5.670783
-5.398535
-5.334242
-5.332481
-5.325274
-5.164714
-5.163577
-5.072843
-5.033405
-5.040796
-5.040796
-5.379788
-5.333772
-5.360576
-5.439483
-5.416509
-4.932816
-5.002085
-4.706565
-4.307919
-4.243512
-4.240325
-4.617338
-4.599218
-4.698644
-4.607106
-4.755248
-4.775336
-4.760123
-4.790571
-4.355113
-4.370281
-4.423370
-4.277612
-4.139057
-4.368261
-4.308787
-4.636978
-4.619937
-4.765132
-4.765132
-4.596631
-5.077072
-5.094849
-5.096772
-4.661414
-4.870351
-4.741699
-5.132766
-5.044263
-5.213881
-5.333399
-5.371174
-5.337987
-5.337987
-5.185778
-5.597305
-5.605973
-5.614575
-5.614575
-5.606871
-5.349094
-5.196782
-5.292454
-5.484001
-5.501025
-5.501025
-5.418624
-5.347959
-5.317410
-5.294791
-4.990205
-4.577419
-4.644273
-4.440673
-4.440673
-4.381614
-4.532049
-4.499747
-4.629359
-4.985807
-4.912815
-5.128209
-5.265446
-5.362020
-5.351052
-5.351052
-5.083822
-5.632754
-5.517191
-5.106831
-5.105819
-4.637923
-4.877500
-4.843446
-4.667054
-4.550948
-4.594050
-4.477154
-4.477154
-4.644813
-4.662865
-4.491895
-4.609736
-4.630432
-4.319443
-4.361291
-5.328395
-5.200725
-5.337568
-5.467936
-5.702230
-5.505799
-5.429866
-5.150822
-4.989833
-4.974294
-4.990181
-5.181030
-5.082632
-5.044969
-5.053339
-5.418787
-5.122158
-5.212838
-5.189782
-5.180290
-5.180232
-5.304590
-5.298108
-5.285486
-5.290728
-5.258588
-5.233590
-5.174997
-5.220103
-5.313650
-5.640209
-5.721610
-5.649491
-5.514399
-5.551939
-5.388785
-5.388785
-5.569442
-5.768750
-5.570339
-5.524556
-5.599988
-5.599988
-5.641930
-5.701906
-5.839811
-5.904766
-6.098395
-6.098395
-6.078401
-6.038842
-5.709595
-6.049505
-6.125410
-6.013949
-6.029693
-6.121858
-5.986683
-6.151123
-6.264071
-6.242693
-6.249436
-6.042387
-6.172939
-6.392351
-6.379671
-6.296988
-6.296988
-6.296988
-6.272533
-6.378684
-6.378684
-6.179230
-6.179230
-6.179230
-6.179230
-6.170470
-6.170470
-6.184631
-6.184606
-6.184606
-6.174910
-6.176988
-6.221216
-5.653260
-5.659245
-5.658519
-5.506450
-5.493282
-5.482981
-5.445420
-5.445420
-5.442465
-5.289167
-5.256795
-5.267622
-5.269786
-5.259870
-5.378854
-5.661559
-5.745431
-5.921352
-5.473767
-5.475148
-5.604298
-5.533078
-5.486707
-5.356720
-5.358207
-5.463298
-5.209813
-5.455188
-5.130369
-5.117588
-5.363518
-5.305735
-5.291398
-5.301400
-5.282968
-4.908914
-5.010903
-4.987188
-4.981368
-5.033598
-5.064917
-5.064917
-5.140302
-5.228708
-5.363603
-5.057249
-4.943325
-4.859433
-4.868026
-5.250939
-5.139840
-5.384209
-5.324147
-5.540066
-5.540066
-5.655613
-5.833308
-5.263182
-5.287609
-5.390192
-5.441452
-5.360125
-5.367201
-5.178741
-5.103856
-5.154723
-5.143586
-5.113071
-5.301325
-5.335748
-5.314343
-5.314703
-5.313618
-5.306374
-5.309594
-5.310276
-5.342409
-5.263463
-5.401973
-5.423239
-4.953955
-4.985827
-4.817751
-4.809403
-4.804492
-4.804492
-4.812673
-4.763500
-4.763500
-4.763500
-4.733172
-5.518869
-5.467046
-5.461064
-5.358457
-5.064142
-4.975937
-4.947239
-5.379406
-5.300532
-5.143017
-5.515960
-5.352805
-5.165593
-5.177288
-5.175947
-5.166376
-5.154978
-5.139840
-5.399250
-5.512368
-5.529537
-5.340106
-5.212231
-4.598818
-4.751889
-5.227968
-5.162146
-5.090833
-5.009126
-5.011374
-5.066532
-5.100318
-5.138784
-5.164513
-5.154926
-5.135430
-5.053313
-5.047491
-5.056578
-5.230451
-4.901273
-4.836122
-4.705921
-4.800777
-4.789724
-4.875259
-4.998172
-4.953931
-4.838660
-4.826802
-4.870995
-4.954298
-4.977484
-4.957545
-4.981942
-5.232775
-5.233595
-5.020872
-4.912076
-4.849093
-4.852345
-4.853528
-4.900525
-4.942066
-4.949488
-5.039596
-5.324125
-5.295337
-5.257527
-5.257230
-5.409526
-5.207434
-5.338938
-5.513975
-5.062346
-5.074829
-5.233224
-5.233224
-5.274961
-5.830856
-6.042850
-6.098586
-6.053394
-5.956264
-5.956264
-5.938580
-5.925132
-5.883478
-5.905601
-5.906241
-5.473546
-5.267166
-5.310701
-5.295141
-5.278407
-5.305157
-5.409916
-5.354505
-5.200735
-5.246485
-5.295430
-5.439836
-5.443435
-4.751180
-4.758567
-4.726910
-4.726910
-6.035220
-6.111077
-5.628176
-5.302314
-5.409909
-5.430581
-5.431798
-5.017875
-4.634712
-4.571884
-4.782851
-4.907603
-4.924986
-4.980941
-4.949700
-5.005142
-5.001052
-5.061630
-5.062114
-5.136523
-5.052874
-5.010988
-4.945257
-4.946744
-4.666212
-4.840865
-4.954849
-4.612707
-4.599355
-4.851985
-4.837751
-4.805062
-4.768470
-5.219198
-5.495669
-5.458937
-5.518061
-5.600774
-5.542350
-5.873802
-5.876938
-5.770704
-5.563379
-5.568077
-5.499857
-5.499857
-5.542231
-5.681027
-5.491141
-5.147221
-5.097420
-5.055140
-5.174582
-4.897966
-4.894538
-4.882527
-4.857488
-4.872971
-4.872971
-4.825787
-4.824003
-5.125212
-5.062301
-5.472059
-5.371069
-5.668103
-5.683773
-5.747046
-5.781040
-5.774218
-6.048467
-5.895902
-5.825507
-5.825507
-5.737226
-5.882071
-5.882071
-5.870076
-5.768654
-5.848919
-5.848919
-5.896141
-5.854421
-5.918028
-5.602947
-5.497299
-5.744837
-5.253813
-5.616849
-6.188694
-6.204504
-5.904387
-5.886914
-5.825497
-5.871869
-5.751145
-5.966249
-5.916768
-5.576643
-5.598348
-5.564770
-5.382214
-5.445117
-5.450379
-5.072898
-4.898543
-4.438060
-4.419006
-5.077966
-5.768825
-5.805130
-5.805130
-5.796148
-5.460434
-5.388477
-5.089813
-5.148115
-5.041694
-4.994079
-5.059903
-4.755255
-4.833834
-4.709338
-4.560011
-4.287939
-4.247929
-4.107019
-4.603763
-4.801647
-4.630975
-4.630975
-4.676701
-5.012397
-4.852889
-4.852889
-4.656931
-4.687085
-4.842513
-5.048719
-5.276441
-5.347757
-5.144521
-4.791010
-4.917374
-5.152390
-5.118040
-5.206278
-5.195179
-5.175410
-5.321332
-5.344982
-5.223342
-5.255280
-5.298559
-5.312367
-5.217600
-5.339116
-5.430027
-5.404932
-5.451977
-5.445719
-5.384466
-5.457601
-5.298920
-5.295305
-5.065316
-4.944203
-4.922725
-4.631109
-4.141635
-4.141635
-4.314032
-4.314032
-4.324766
-4.285410
-4.746472
-4.495277
-4.564363
-4.536762
-4.553299
-4.743802
-4.674910
-4.632360
-3.987278
-4.326785
-5.037549
-4.887482
-4.861143
-5.088251
-4.802142
-4.799574
-4.984654
-5.105474
-5.121962
-5.124926
-5.328942
-5.553328
-5.517833
-5.508252
-5.506281
-5.506281
-4.912347
-5.281556
-5.244715
-5.024431
-5.144442
-5.054992
-5.086698
-5.109202
-5.109202
-5.052884
-5.096438
-5.052041
-5.023784
-5.023784
-5.081536
-4.604156
-4.634235
-4.602448
-5.063630
-5.062576
-4.650285
-4.709644
-4.780745
-4.823331
-4.823173
-4.935528
-5.218815
-5.035742
-5.068415
-4.944254
-4.873659
-4.873659
-4.742314
-4.703027
-4.694581
-4.693726
-4.698766
-4.679556
-4.868460
-4.864184
-4.745177
-4.772386
-4.772386
-4.778556
-4.821783
-4.809789
-4.809789
-4.415202
-4.384306
-4.384306
-4.280255
-4.048417
-4.091084
-4.094009
-4.131160
-4.126707
-4.236007
-4.682943
-4.876557
-4.657588
-4.658787
-4.348159
-4.158050
-4.041172
-4.054687
-3.981663
-3.886051
-4.250447
-4.287877
-4.251131
-4.249619
-4.230239
-4.245464
-4.210576
-4.257244
-4.287895
-4.119006
-4.075141
-4.065077
-4.034132
-3.947120
-3.996697
-4.229490
-4.281921
-4.356582
-4.557260
-4.901758
-4.779226
-4.583713
-4.551644
-4.555852
-4.492569
-4.437178
-4.486650
-4.660548
-4.789848
-4.883340
-5.067235
-5.057929
-5.117084
-5.018666
-5.236039
-5.343236
-5.343236
-5.441723
-5.450188
-5.751433
-5.702276
-5.703081
-5.543115
-5.589195
-5.544873
-5.459854
-5.320853
-5.420422
-5.828950
-5.591265
-5.583207
-5.583207
-5.565024
-5.544289
-5.670966
-5.733116
-5.728072
-5.728072
-5.805069
-5.823707
-5.912576
-5.904339
-5.922252
-5.927372
-5.931109
-5.897167
-5.897167
-5.891550
-5.890826
-5.878127
-5.818559
-5.860424
-5.945913
-6.248015
-6.232536
-6.211215
-6.211215
-6.177375
-6.177375
-6.145594
-5.930390
-5.887868
-5.893197
-5.868404
-5.712846
-5.716149
-5.714451
-5.796666
-5.825759
-5.583135
-5.744832
-5.745203
-5.715036
-5.675010
-5.579462
-5.226828
-5.148267
-4.975044
-5.253783
-5.354331
-5.318752
-5.233062
-5.120729
-4.910945
-4.823595
-4.851299
-4.844584
-5.569598
-5.526385
-5.435458
-5.358978
-4.731868
-4.981055
-5.152848
-5.149504
-4.568709
-4.495248
-4.632333
-4.632577
-4.876952
-4.824657
-4.824657
-4.884070
-4.822106
-4.861512
-4.734165
-4.709733
-4.574208
-4.582526
-4.029052
-4.488849
-4.582167
-4.374702
-4.371950
-4.514510
-4.499516
-4.893940
-4.764618
-4.682861
-4.621244
-4.621244
-4.909373
-4.850826
-4.620149
-4.613774
-4.622840
-4.607781
-4.607781
-4.596018
-4.701249
-4.720857
-4.685309
-4.702455
-4.686064
-4.686064
-4.681220
-4.710039
-4.728640
-4.891799
-4.891803
-4.828300
-4.830825
-4.802311
-4.847760
-4.898562
-5.014269
-5.310473
-5.146437
-5.146437
-5.134540
-5.145360
-5.124150
-5.152194
-5.167977
-5.234361
-5.043064
-5.043064
-5.041102
-5.041102
-5.246321
-5.200935
-5.200935
-5.200935
-5.073054
-4.893803
-4.919917
-4.918360
-4.917049
-4.824030
-4.902248
-4.913926
-5.061309
-5.037356
-5.056020
-5.050667
-5.050705
-5.016376
-5.060548
-4.965443
-5.010189
-4.982533
-5.400824
-5.432254
-5.397723
-5.553591
-5.556504
-5.509762
-5.500677
-5.540534
-5.552602
-5.590558
-5.524306
-5.564765
-5.564765
-5.643469
-5.441105
-5.627942
-5.781482
-5.760120
-5.771633
-5.816152
-5.667363
-5.686873
-5.686873
-5.762893
-5.709826
-5.693049
-5.792920
-5.769097
-5.871333
-5.846878
-5.781795
-5.732145
-5.728309
-5.846892
-5.976412
-6.002255
-5.926371
-5.817060
-5.790246
-5.793042
-5.806805
-5.741770
-5.673492
-5.735197
-5.453951
-5.484625
-5.478003
-5.443817
-5.614604
-5.563531
-5.654215
-5.534285
-5.461759
-5.333402
-5.366000
-5.337509
-5.280894
-5.306544
-5.418576
-5.325634
-5.379577
-5.603771
-5.343595
-5.586708
-5.484728
-5.475629
-5.223343
-5.167212
-5.136868
-5.269217
-5.143374
-5.125786
-4.935140
-5.102903
-5.073871
-4.979762
-4.796829
-5.073825
-5.065628
-5.065624
-4.534792
-4.581362
-4.692219
-4.738254
-4.810221
-3.747968
-3.783447
-3.783275
-3.781544
-4.112463
-4.180619
-4.395343
-4.444916
-4.271130
-4.755844
-5.051629
-5.019254
-5.306477
-5.398054
-5.749062
-5.534121
-5.445491
-5.186544
-5.556734
-5.274860
-5.262931
-4.913412
-4.945647
-4.889821
-4.785138
-5.164378
-5.224492
-5.280725
-5.348275
-5.380035
-5.369254
-5.100161
-5.285974
-5.321055
-5.321025
-5.347601
-5.390704
-5.331960
-5.328682
-5.390127
-5.258245
-5.331796
-5.558956
-5.619706
-5.569781
-5.548029
-5.281614
-5.173237
-5.011426
-4.594638
-4.631861
-4.843490
-4.666425
-4.719807
-4.376313
-4.310046
-4.561804
-4.665404
-4.544531
-4.555613
-4.560641
-4.346020
-4.129679
-4.213090
-4.213090
-4.280287
-4.281399
-4.281399
-4.114181
-3.995629
-3.998456
-4.025062
-3.950061
-3.941795
-4.188788
-4.179440
-4.369746
-4.367695
-4.368321
-4.399932
-4.443194
-4.301043
-4.246872
-4.345911
-4.439322
-4.352056
-4.902063
-5.114600
-5.179755
-5.165035
-5.075623
-5.125097
-5.105653
-4.982802
-5.046577
-5.032260
-5.032260
-5.125912
-5.120994
-5.120994
-5.041446
-5.041446
-5.069039
-5.091991
-5.130836
-5.175647
-5.151259
-5.157474
-5.147866
-5.150415
-4.914213
-5.053223
-5.103099
-5.522832
-5.201248
-5.201248
-4.615601
-4.527345
-4.606171
-4.688916
-4.801251
-5.379707
-5.077425
-5.366465
-5.444766
-5.697970
-5.716414
-5.366972
-5.409756
-5.096105
-5.591099
-5.625567
-5.492948
-5.689630
-5.711080
-5.631400
-5.582869
-5.570117
-5.471090
-5.346815
-5.018863
-5.026038
-5.051711
-4.968410
-4.830603
-4.833293
-4.769238
-5.181985
-4.902826
-4.961424
-4.912796
-4.886459
-4.954613
-5.106400
-5.113352
-4.938412
-4.600668
-4.556138
-4.556138
-5.044718
-4.963178
-5.013120
-4.353819
-4.348144
-4.230518
-4.235138
-4.578968
-4.590831
-4.582685
-4.518057
-4.518057
-4.776903
-4.710964
-4.714805
-5.067206
-5.169819
-5.143889
-5.149089
-5.429431
-5.367305
-5.404225
-5.110483
-5.132946
-5.436897
-5.402652
-5.413032
-5.152196
-5.152196
-5.137243
-5.137243
-5.138728
-5.231859
-5.138769
-5.195980
-5.298383
-5.418904
-5.113557
-5.115552
-5.228173
-5.248481
-5.314440
-5.688569
-5.655421
-5.700493
-5.779391
-5.764581
-5.764950
-5.764950
-5.775213
-5.868899
-5.864869
-5.866707
-5.861388
-5.838064
-5.928719
-5.928719
-5.946729
-5.906855
-5.972469
-5.827493
-5.692758
-5.692758
-5.696076
-5.758524
-5.817831
-5.640517
-5.723169
-5.620799
-5.620799
-5.624800
-5.177410
-4.749579
-4.898754
-4.868597
-4.707397
-4.677276
-4.634487
-4.671106
-4.630296
-4.578965
-5.067930
-5.175685
-5.790408
-5.148456
-4.048024
-4.191804
-4.518570
-4.647015
-5.621755
-5.741643
-5.884579
-5.909310
-5.893470
-5.891436
-5.935803
-5.965438
-5.950504
-5.978155
-6.000587
-5.954633
-5.994468
-6.057125
-6.109125
-5.988179
-5.985153
-5.868107
-5.790137
-5.819031
-5.842244
-5.744105
-5.593542
-5.628046
-5.739719
-5.594113
-5.416268
-5.416268
-5.413321
-5.393208
-5.416793
-5.515996
-5.470772
-5.733227
-5.768447
-5.777822
-5.878146
-4.088325
-4.417703
-4.321464
-4.810042
-4.640107
-4.684190
-4.942660
-4.892041
-4.904356
-4.053762
-4.716915
-4.736434
-4.603458
-4.682362
-4.707588
-4.130545
-3.741871
-3.904438
-3.435940
-3.570470
-3.469419
-3.504620
-3.965217
-3.871737
-3.788038
-3.657495
-3.660036
-3.632686
-3.561308
-3.561308
-3.573401
-3.573401
-3.575709
-3.615522
-3.542427
-3.634479
-3.519154
-3.543397
-3.543397
-3.524786
-3.574451
-3.574451
-3.537510
-3.535043
-3.366058
-3.297490
-3.286580
-3.335624
-3.391841
-3.391841
-3.471074
-3.480504
-3.449639
-3.452150
-3.613317
-3.569629
-3.589923
-3.377694
-3.209515
-3.228790
-3.212710
-3.150464
-3.272551
-3.815588
-3.810762
-3.964940
-3.970394
-3.622731
-3.737120
-3.673662
-3.231075
-4.144152
-4.143355
-4.143355
-3.550372
-3.746730
-4.072182
-4.072182
-4.022261
-3.687443
-4.067897
-3.848475
-3.290931
-3.220973
-3.220973
-3.287421
-3.359203
-3.621216
-3.962043
-3.947557
-4.081282
-4.081451
-4.091434
-4.091434
-4.489918
-4.553852
-4.553917
-4.511584
-4.545746
-4.076164
-4.523832
-4.422988
-4.463356
-4.496194
-4.404536
-4.517075
-4.420184
-4.639349
-5.115220
-4.698402
-4.795623
-4.749656
-4.970286
-4.877726
-4.636397
-4.743809
-4.895091
-4.631545
-5.049438
-5.110649
-5.165802
-5.080738
-5.016844
-4.839961
-4.032555
-4.060971
-4.096896
-4.096896
-4.295035
-4.295035
-4.393397
-4.528142
-4.047919
-4.001276
-3.889666
-3.894251
-4.003059
-4.003059
-4.875332
-4.385917
-4.427371
-4.188834
-4.197657
-4.132386
-4.476291
-4.965027
-5.128689
-5.128873
-5.124809
-5.066250
-5.015004
-5.223030
-4.988112
-4.956959
-4.967504
-4.843586
-4.891731
-4.948592
-4.935434
-4.992151
-4.978490
-4.939773
-4.976872
-4.976872
-4.851853
-4.866397
-4.776164
-4.774046
-5.189756
-5.306144
-5.611973
-5.312529
-4.948379
-4.761020
-4.961230
-4.798973
-4.768026
-4.500328
-4.490479
-4.573397
-4.118340
-4.160983
-4.562120
-4.455467
-4.274758
-4.176921
-3.494160
-3.807782
-4.033491
-4.033491
-4.397217
-4.260445
-4.261865
-4.549989
-4.719738
-4.744222
-4.647566
-4.746975
-4.655264
-4.450584
-4.785339
-4.822935
-5.029642
-5.066609
-4.920295
-5.020400
-5.268559
-5.429938
-5.343707
-5.343707
-5.343977
-5.015798
-5.007631
-5.053295
-5.290844
-5.300093
-5.267917
-5.528167
-5.631923
-5.737014
-5.753534
-5.753534
-5.371976
-5.275734
-5.275734
-5.231649
-5.231649
-5.192030
-5.083275
-5.221724
-5.221724
-4.908743
-4.977558
-4.829801
-4.886787
-5.016933
-4.680882
-4.929678
-4.912334
-4.912334
-5.262755
-5.269252
-5.011088
-5.294266
-5.291542
-5.231531
-5.319055
-5.311324
-5.145947
-5.101137
-5.491741
-5.416078
-5.389830
-5.389830
-5.343369
-5.512375
-5.474084
-5.427285
-5.421386
-5.295799
-5.307157
-5.713532
-5.779757
-6.165561
-6.267083
-6.289274
-6.289274
-5.881438
-5.753555
-6.096457
-6.072327
-6.036492
-5.812171
-5.171429
-5.338085
-5.338085
-5.332370
-5.454981
-5.453110
-5.451953
-5.433366
-5.276814
-5.256023
-5.232691
-5.237923
-5.279396
-5.374346
-5.378052
-5.396497
-5.404820
-4.771551
-5.003867
-5.164507
-5.379003
-4.225124
-4.616143
-4.640769
-4.545730
-5.136840
-4.924100
-4.945723
-4.917766
-5.420565
-5.375323
-5.471342
-5.439740
-5.367044
-5.069447
-4.999157
-5.145327
-4.925595
-4.754087
-5.012037
-5.230974
-5.277797
-5.278140
-5.281030
-5.631460
-5.631460
-5.330572
-5.505097
-5.588637
-5.368616
-5.267357
-5.269946
-5.303981
-5.686511
-5.249074
-5.557206
-5.577588
-5.372413
-5.277212
-5.353130
-5.388290
-5.425447
-5.541746
-5.541746
-5.542975
-5.497951
-5.408083
-5.524277
-5.490538
-5.589101
-5.473437
-5.577588
-5.691269
-5.292994
-5.323676
-5.191174
-5.411487
-5.430574
-5.430574
-5.517766
-5.262826
-5.268835
-5.143226
-5.133006
-4.985410
-4.827728
-4.923538
-4.734967
-4.807097
-4.961657
-4.961940
-4.914128
-4.873533
-4.705800
-4.714753
-5.030773
-4.794484
-4.789602
-4.750914
-4.741283
-4.741601
-4.767867
-4.770446
-4.767290
-4.577862
-4.582149
-4.575394
-4.504167
-4.498567
-4.559986
-4.416263
-4.410614
-4.462778
-4.327598
-4.563158
-4.563158
-4.576412
-4.565373
-4.235303
-4.153836
-4.168077
-4.403818
-4.606890
-4.638020
-5.037851
-5.022252
-5.215111
-5.180488
-5.169760
-5.170657
-4.963659
-4.653811
-4.453979
-4.442179
-4.456434
-4.902989
-4.482994
-4.482994
-4.453535
-4.688441
-4.684907
-4.709478
-4.709478
-5.021802
-5.021802
-5.021802
-5.023215
-5.548147
-5.347232
-5.340568
-5.475245
-5.004183
-4.655982
-4.856920
-5.043350
-5.043350
-4.935616
-4.768530
-4.906319
-4.907977
-4.906556
-4.926141
-4.869678
-5.130638
-5.154313
-5.155095
-5.065818
-5.130208
-4.931801
-5.035149
-5.029504
-4.973276
-5.003389
-4.962498
-4.954179
-4.930067
-4.778736
-4.786560
-4.749358
-5.068956
-5.082022
-5.044881
-5.032633
-5.218333
-5.394978
-5.632528
-5.690432
-5.247070
-5.240256
-5.292479
-5.130545
-5.130545
-5.093398
-5.141246
-5.172026
-5.086755
-5.141798
-5.150296
-5.102806
-5.359396
-5.221818
-5.244789
-5.244789
-5.194105
-5.187851
-5.347179
-5.366977
-5.345903
-5.269347
-5.304853
-5.351019
-5.351019
-5.369814
-5.416930
-5.416930
-5.415002
-5.365956
-5.365956
-5.365956
-5.456833
-5.390021
-5.380810
-5.371824
-5.372005
-5.372005
-5.437433
-5.427776
-5.286692
-5.286692
-5.098375
-5.092952
-5.066681
-5.052491
-5.179948
-5.090085
-5.004693
-4.981171
-5.158117
-5.104755
-4.005620
-4.209821
-4.263218
-4.263218
-4.269037
-4.617752
-4.460097
-4.644880
-4.313091
-4.326978
-4.326978
-4.251276
-4.483364
-5.351248
-5.403224
-5.262967
-5.262967
-5.220433
-5.049691
-5.017233
-4.992586
-5.117556
-5.100811
-5.147215
-5.433079
-5.441914
-5.363923
-5.582778
-5.752569
-5.748909
-5.751161
-5.683199
-5.698833
-5.535283
-5.767680
-5.843489
-5.549358
-5.475230
-5.500779
-5.475806
-5.560646
-5.290781
-5.365551
-5.466168
-5.475899
-5.194122
-5.194122
-5.202794
-5.225131
-5.225131
-5.205783
-5.147577
-5.155350
-5.471510
-5.298841
-5.287083
-5.397482
-5.452526
-5.455744
-5.455744
-5.461795
-5.465039
-5.306981
-5.283610
-5.462551
-5.464218
-5.464458
-5.341303
-5.279799
-5.340822
-5.382640
-5.338701
-4.876557
-4.744040
-5.013282
-5.635288
-5.602483
-5.470973
-5.142291
-5.058223
-4.487891
-4.373463
-4.069735
-4.453659
-4.443309
-4.467948
-4.481582
-4.485575
-4.493615
-4.493615
-4.545499
-4.694401
-4.749569
-4.749569
-4.689974
-4.716334
-4.703194
-4.812935
-4.605703
-4.462426
-4.491787
-4.467079
-4.475755
-4.438556
-4.429401
-4.424696
-4.483705
-4.753275
-4.749243
-4.569293
-4.578554
-4.472085
-4.588516
-4.615070
-4.326134
-4.282184
-4.307203
-4.706039
-4.949257
-5.347571
-5.217616
-5.235956
-5.173352
-5.159139
-5.175276
-5.148192
-5.235181
-5.095727
-4.917712
-5.169021
-5.149269
-5.592819
-6.003892
-5.809184
-5.932422
-6.036325
-6.026109
-6.052578
-5.627689
-5.560766
-5.525042
-5.395672
-4.710602
-4.775879
-4.785869
-4.916390
-4.861075
-4.918184
-4.755523
-4.607151
-4.569096
-4.544337
-4.493734
-4.488955
-4.544529
-4.544529
-4.566655
-4.565544
-4.568506
-4.571905
-4.611956
-4.603375
-4.781753
-4.701391
-4.701986
-4.738305
-4.738216
-4.738216
-4.752106
-5.073038
-5.175324
-5.083528
-5.082034
-5.112115
-4.936216
-4.921932
-4.921252
-4.927387
-5.045509
-5.058789
-5.058789
-4.933217
-4.882910
-4.843406
-4.663057
-4.663057
-4.666670
-4.541464
-4.709729
-4.570144
-4.675584
-4.686716
-4.720045
-4.716646
-4.714133
-4.716132
-4.734966
-4.674549
-4.662064
-4.803482
-4.682849
-4.770104
-4.819225
-4.819225
-4.819225
-4.826106
-4.726116
-4.683818
-4.961811
-5.092824
-4.877919
-4.838919
-4.750947
-4.715191
-4.694063
-4.740873
-4.705658
-4.711636
-4.712343
-4.709953
-4.683162
-4.675573
-4.683549
-4.660958
-4.660052
-4.732802
-4.732802
-4.789035
-4.898995
-4.578477
-4.598496
-4.491821
-4.491821
-4.491020
-4.521453
-4.543931
-4.493815
-4.493273
-4.501768
-4.501768
-4.524160
-4.078672
-4.001738
-4.001738
-3.767839
-4.499806
-4.376633
-4.767738
-4.653373
-4.877476
-4.718504
-4.773769
-4.773769
-4.607455
-4.726259
-4.592949
-4.601209
-4.846137
-4.832679
-4.799091
-4.878119
-4.727072
-4.738344
-4.640125
-4.651522
-4.652598
-4.606303
-4.856694
-4.890730
-4.844404
-4.965294
-5.073779
-5.115931
-5.236953
-5.371430
-5.194983
-5.174353
-5.163737
-5.177301
-5.301835
-5.367171
-5.573639
-5.636037
-5.499274
-5.402961
-5.449337
-5.415889
-5.847089
-5.650474
-5.650474
-5.600127
-5.567949
-5.648128
-5.322031
-5.419817
-5.477299
-4.674267
-4.822442
-4.758873
-4.837266
-5.024106
-4.833179
-4.377273
-4.531937
-4.415273
-4.414714
-4.513290
-4.508118
-4.526679
-4.491384
-4.487894
-4.487894
-4.494726
-4.488347
-4.488347
-4.411724
-4.411724
-4.149658
-4.170826
-4.011082
-3.958066
-4.151165
-4.431575
-4.499296
-4.896003
-4.888844
-4.652443
-4.652443
-4.687896
-4.677406
-4.661668
-4.661668
-4.661668
-4.274028
-4.274028
-4.695609
-4.695609
-5.044881
-4.911135
-5.738329
-5.747772
-5.800119
-5.784636
-5.886893
-5.737748
-5.662686
-5.687876
-5.584394
-5.876738
-6.061930
-6.061930
-5.965580
-5.929684
-5.928471
-5.928471
-5.939990
-5.756627
-5.757261
-5.745768
-5.499796
-5.516684
-5.481460
-5.534785
-5.541412
-5.406902
-5.347343
-5.285888
-5.203094
-5.163389
-5.559916
-5.505950
-5.511347
-5.394745
-5.259047
-5.370692
-5.334940
-5.291447
-5.287218
-5.110350
-5.069059
-5.215337
-5.197265
-5.214159
-5.233651
-5.939531
-5.771784
-5.529148
-5.531948
-5.426610
-5.496210
-5.358050
-5.819052
-5.483093
-5.835761
-5.806987
-5.497427
-5.276831
-5.276831
-5.276831
-5.276831
-5.283170
-5.330845
-5.388491
-5.476554
-5.471827
-5.276293
-5.276293
-5.280352
-5.263144
-5.308758
-5.156106
-5.005175
-5.005175
-5.005175
-5.005175
-4.971202
-4.972957
-4.803452
-4.755100
-4.750530
-5.021112
-5.149389
-5.270205
-5.268314
-5.379232
-5.372251
-5.528940
-5.598886
-5.498462
-5.655687
-5.637597
-6.006460
-5.995004
-6.296026
-6.377414
-5.899844
-5.842451
-5.843721
-6.058344
-6.069370
-5.875560
-5.834466
-5.962887
-6.031276
-6.107054
-6.139022
-6.057505
-6.146339
-5.952541
-5.749645
-5.749645
-5.761416
-5.819371
-5.879567
-5.571033
-5.451719
-5.273328
-5.280701
-5.297931
-5.371047
-5.633964
-5.554835
-5.663545
-5.907309
-5.773562
-5.752743
-5.755394
-5.608362
-5.396690
-5.449450
-5.245089
-5.405243
-5.411846
-5.380489
-5.377085
-5.358234
-5.360275
-5.502911
-5.662458
-5.648827
-5.648827
-5.609028
-5.639000
-5.642344
-5.650891
-5.618238
-5.627548
-5.626142
-5.570333
-5.342300
-5.383649
-5.385296
-5.390375
-5.320417
-5.351222
-5.375041
-5.247220
-5.208371
-5.208371
-5.208371
-5.291641
-5.283051
-5.338745
-5.426621
-5.344458
-5.230507
-5.203023
-5.188050
-5.675448
-6.162701
-5.945307
-6.051135
-6.000533
-5.983937
-5.517407
-5.543324
-4.912351
-4.750245
-4.437087
-4.758145
-4.645100
-4.645100
-4.632082
-4.632082
-4.710260
-4.970994
-4.822338
-4.482749
-4.118999
-4.886815
-5.007456
-4.881786
-3.971402
-3.744269
-4.645691
-4.517296
-4.436400
-4.567453
-4.550190
-4.563543
-4.563543
-4.237821
-4.222816
-4.222816
-4.215386
-4.400939
-4.388467
-4.342910
-4.531278
-4.550712
-4.560642
-4.766364
-4.936377
-4.745858
-4.917772
-4.781497
-4.765015
-4.734893
-5.092110
-5.338587
-5.156111
-5.005814
-4.766730
-4.779539
-4.792088
-4.912593
-4.914728
-4.875718
-4.868113
-4.382932
-4.478538
-4.392123
-4.320242
-4.716531
-4.727509
-4.744754
-4.781841
-4.576240
-4.691890
-4.743299
-4.750661
-4.785961
-4.795244
-4.968489
-4.917859
-4.914455
-4.894788
-5.273654
-5.026235
-5.049987
-4.645601
-4.550305
-4.554595
-4.613950
-4.658279
-4.698092
-4.672060
-4.672328
-4.794845
-4.365514
-4.451757
-4.062669
-4.406381
-4.402613
-3.956121
-4.292183
-4.211316
-4.214625
-4.390796
-4.339118
-4.397466
-4.228069
-4.342170
-4.301692
-4.473300
-4.473300
-4.528038
-4.528038
-4.528038
-4.528038
-4.381033
-4.627817
-4.627817
-4.577180
-4.540430
-4.473150
-4.473303
-4.466642
-4.459393
-4.495709
-4.653190
-4.622617
-4.631799
-4.592442
-4.705955
-4.705955
-4.621224
-4.693979
-4.679511
-4.730783
-4.453558
-4.240003
-4.389438
-4.394552
-5.071449
-5.240500
-4.958942
-5.075796
-5.205625
-4.796790
-4.821937
-5.817018
-5.675168
-5.390418
-5.418518
-5.700789
-5.703663
-5.823712
-5.943084
-5.452206
-5.181435
-5.054710
-5.075359
-5.075359
-5.088117
-5.094034
-5.111773
-5.112418
-5.122721
-5.443124
-5.337242
-5.077970
-5.089743
-5.083412
-5.211125
-4.812937
-4.944745
-4.926698
-5.078437
-4.681013
-4.738748
-4.739526
-4.517311
-4.486954
-4.486954
-4.463386
-4.464630
-4.492491
-4.492491
-4.468806
-4.462852
-4.404729
-4.404726
-4.404726
-4.461885
-4.468613
-4.436645
-4.519856
-4.529060
-4.509555
-4.390360
-4.390360
-4.403830
-4.403830
-4.376946
-4.376946
-4.428346
-4.428346
-4.579201
-4.580841
-4.784343
-4.784343
-4.809180
-4.891265
-4.884529
-4.884529
-4.873476
-5.028279
-5.028279
-5.053947
-5.053947
-5.089655
-4.969553
-4.944448
-4.859511
-4.805377
-4.861228
-4.767172
-4.790784
-4.765447
-4.769385
-4.786446
-4.900299
-4.986668
-5.046014
-5.174302
-5.201447
-5.152363
-4.964030
-5.086921
-5.198920
-5.144253
-5.192029
-5.265866
-5.508332
-5.508332
-5.508718
-5.375975
-5.414047
-5.508316
-5.779953
-5.670562
-5.670562
-5.365678
-5.732152
-5.630592
-5.949127
-5.947273
-5.947273
-5.947273
-5.847897
-5.849806
-5.676665
-5.710584
-5.562827
-5.642419
-5.762318
-5.560104
-5.482237
-5.493364
-5.607736
-5.688293
-5.692506
-4.975269
-4.558064
-4.582091
-4.592732
-4.992465
-4.945514
-5.084707
-5.279915
-5.019425
-4.662142
-4.766466
-5.285247
-5.292503
-4.852188
-4.953308
-5.036809
-5.177013
-5.145936
-5.157540
-4.789940
-4.789940
-4.906634
-4.799192
-4.979376
-5.091905
-5.121790
-5.123708
-4.923044
-4.924317
-4.933221
-5.153244
-5.476335
-5.104616
-5.088093
-5.342313
-5.259344
-4.858037
-5.038980
-5.037051
-4.827775
-4.689744
-4.694382
-4.414495
-4.484340
-4.525341
-4.478452
-4.500949
-4.457519
-4.406044
-4.526028
-4.902455
-4.999346
-4.541811
-4.500303
-4.298121
-4.290971
-4.294208
-4.285298
-4.285996
-4.832650
-4.832650
-4.837192
-4.934583
-5.002946
-5.200991
-5.211695
-5.385447
-5.236890
-5.484689
-5.484689
-5.166522
-5.169010
-5.089979
-5.099673
-5.099918
-5.144370
-5.144370
-5.144370
-5.185451
-5.224481
-5.141066
-4.946802
-4.959704
-4.974629
-4.974629
-4.971397
-4.713187
-4.715137
-4.746093
-4.751980
-4.870738
-4.852815
-4.737845
-4.740545
-4.740985
-4.775194
-4.747035
-4.793484
-4.756606
-4.733543
-4.912605
-4.875174
-4.860961
-5.019155
-5.019155
-5.167270
-5.027970
-5.008031
-4.973568
-4.986262
-4.999186
-4.902236
-4.859213
-4.653283
-4.653283
-4.425001
-4.696160
-4.747673
-3.701034
-4.491689
-3.638644
-3.610894
-4.274568
-4.891317
-4.891451
-4.874585
-4.899555
-4.946078
-5.176910
-5.148806
-5.156665
-5.230092
-5.295398
-5.270187
-5.217403
-5.217403
-5.217876
-5.291694
-5.288094
-5.306120
-4.508923
-4.682638
-4.572516
-4.568614
-3.699344
-3.699344
-4.454780
-4.674069
-4.538457
-4.739029
-4.686181
-4.686181
-5.014267
-5.551101
-5.549871
-5.512241
-5.464161
-5.601181
-5.627415
-5.513543
-5.489945
-5.715222
-5.684486
-5.842781
-6.084104
-5.577867
-5.503298
-5.458697
-5.255253
-5.489972
-4.696150
-4.603349
-4.916756
-5.073798
-4.881401
-5.544578
-5.541013
-5.293353
-5.367142
-5.340345
-5.239202
-5.138226
-5.020068
-5.076831
-5.136343
-5.258553
-5.259571
-5.259571
-5.259571
-5.260471
-5.381598
-5.351396
-5.353053
-5.138972
-5.073816
-5.086176
-5.350960
-5.319779
-5.233090
-4.818763
-4.604357
-4.522992
-4.608795
-4.522284
-4.522179
-4.527684
-4.800160
-4.920933
-4.921171
-5.165290
-5.261074
-5.277219
-5.003498
-5.111835
-5.014669
-5.016101
-4.905079
-4.833655
-4.833655
-4.850580
-4.877515
-4.874747
-4.755827
-4.755827
-5.038766
-4.951139
-4.895240
-4.878555
-4.813674
-4.952598
-4.853176
-4.850703
-4.697818
-4.526555
-4.421258
-4.666717
-4.428221
-4.691999
-4.840604
-4.999611
-5.004176
-5.081041
-5.083506
-5.159158
-5.147489
-5.119338
-5.116901
-4.852642
-4.922384
-4.658195
-4.705304
-4.657757
-4.820691
-4.981145
-4.987061
-4.968298
-4.535530
-4.535530
-4.453048
-4.509611
-4.520231
-4.486730
-4.561827
-4.517675
-4.644985
-4.582090
-4.817877
-4.858442
-4.877579
-4.847280
-4.178359
-4.174919
-4.193387
-4.353255
-4.380308
-4.453145
-4.149281
-4.096050
-4.093304
-4.201337
-4.078683
-4.078683
-4.170870
-4.345305
-4.400225
-4.619809
-5.121919
-5.173780
-5.395703
-5.392511
-4.755486
-4.302427
-4.541450
-4.620097
-4.716365
-4.661033
-4.420691
-4.511979
-4.054945
-4.070741
-3.511305
-3.540674
-3.621206
-4.007344
-4.338222
-4.273274
-4.720042
-4.699978
-4.634588
-4.683487
-4.654266
-4.457698
-4.367580
-4.371571
-3.863950
-3.774561
-3.857318
-4.157945
-4.527919
-4.828096
-4.778202
-4.775786
-4.855171
-4.828605
-4.714118
-4.773140
-4.758785
-4.700724
-4.775522
-4.869342
-4.882910
-5.043498
-5.044353
-5.103943
-4.943961
-4.812753
-4.812753
-5.056655
-4.999965
-4.883459
-4.885599
-5.095510
-5.046907
-5.027699
-4.839556
-4.755744
-4.838445
-4.838445
-4.835851
-4.556579
-4.515292
-4.542234
-4.546698
-4.518866
-4.518866
-4.537988
-4.535548
-4.390261
-4.412350
-4.422339
-4.418311
-4.753579
-4.738675
-4.665109
-4.582790
-4.545186
-4.567743
-4.567743
-4.389071
-4.497859
-4.497394
-4.483484
-4.682828
-4.551857
-4.791882
-4.665027
-4.748438
-4.757274
-4.851194
-4.849455
-4.855959
-4.807502
-4.788002
-4.855041
-4.519170
-4.545282
-4.549295
-4.678435
-4.543980
-3.839332
-3.835748
-4.108714
-3.972098
-3.839006
-4.150818
-4.275141
-4.415586
-4.680013
-4.817685
-3.770287
-3.769606
-3.755674
-3.756583
-3.763790
-3.898740
-3.898740
-3.994601
-3.942424
-3.933066
-3.942332
-3.942332
-3.945877
-3.945877
-3.893267
-3.894240
-3.894240
-3.855969
-3.921199
-3.895957
-4.518342
-4.944915
-4.927022
-4.847482
-4.955721
-4.994308
-4.985470
-4.995464
-4.904644
-4.701094
-4.633893
-4.544613
-4.454902
-4.972381
-5.298037
-5.063858
-5.095032
-5.159748
-5.165502
-4.788053
-5.404350
-4.844318
-5.034888
-4.983209
-4.852080
-4.889894
-4.902613
-4.960080
-5.884122
-5.777727
-5.598873
-5.366879
-5.203362
-4.910654
-4.956698
-4.613278
-4.564268
-4.577281
-4.693295
-4.987917
-5.175897
-4.777710
-4.437952
-4.475788
-4.391376
-4.230373
-4.122932
-4.309460
-4.042281
-4.042281
-4.042281
-4.076441
-4.142404
-4.054911
-3.862776
-4.289834
-4.282515
-4.236934
-4.238037
-4.212449
-4.115505
-4.384822
-4.498747
-4.566747
-4.421531
-4.601501
-4.647157
-4.921492
-4.908964
-4.866996
-4.838212
-4.953717
-4.855446
-4.844595
-4.980784
-4.975007
-5.055507
-5.043980
-5.057854
-5.197745
-5.249042
-4.958218
-4.536261
-4.627380
-4.705963
-4.679109
-4.706982
-4.929010
-5.009237
-5.009237
-4.831987
-4.759951
-4.770958
-4.795426
-4.817372
-4.560876
-4.843303
-4.869895
-4.869895
-4.790180
-5.002518
-5.352571
-5.450654
-5.450654
-5.565155
-5.564920
-5.804111
-5.659170
-5.699625
-5.512218
-5.787261
-5.795740
-5.675896
-5.413020
-5.434036
-5.431800
-5.101830
-5.082007
-4.800695
-5.129488
-5.029296
-5.046358
-4.805926
-5.238217
-5.408666
-5.439440
-5.431592
-5.431592
-5.262889
-5.224476
-5.179957
-5.147888
-5.130399
-5.511688
-5.350001
-5.350001
-5.367363
-5.317600
-5.220569
-5.220569
-5.201853
-5.190247
-5.161100
-5.241832
-5.115587
-5.115587
-5.108881
-5.126763
-5.128469
-5.116878
-5.097465
-4.853724
-5.208093
-4.823880
-4.662741
-4.832425
-4.793082
-4.793082
-4.752270
-4.889682
-4.919054
-4.911771
-4.872300
-4.852128
-4.847641
-4.794039
-4.745421
-4.988468
-5.239259
-5.309678
-5.289266
-5.460638
-5.585735
-5.291296
-4.599921
-4.589847
-4.495238
-4.768523
-4.691538
-4.582331
-4.554189
-4.736286
-4.870123
-4.817609
-4.306963
-4.364873
-4.440755
-4.500938
-4.503222
-4.519979
-4.661084
-4.661634
-4.588726
-4.577692
-4.505202
-4.544954
-4.322445
-4.161995
-4.169513
-4.169513
-4.222358
-4.222358
-4.292713
-4.263779
-4.559529
-4.682979
-5.056971
-5.216512
-4.924333
-4.929458
-4.928587
-4.647273
-4.709233
-4.707239
-4.669026
-4.669026
-4.658244
-4.611576
-4.510844
-4.669682
-4.561291
-4.606081
-4.583830
-5.312236
-5.272087
-4.972813
-4.747977
-4.918995
-5.042002
-5.042002
-4.730666
-4.659885
-4.659885
-4.679470
-4.586751
-4.769851
-5.149104
-5.013214
-5.017698
-5.030265
-4.939492
-4.929881
-5.143681
-5.241599
-5.205959
-5.211384
-5.210714
-4.577418
-4.452325
-5.136101
-4.937699
-4.807630
-4.815598
-4.742060
-4.550204
-4.460159
-4.722413
-4.788769
-4.889244
-4.884143
-5.021544
-4.954848
-5.269384
-5.268028
-5.250773
-5.250773
-5.406022
-5.406022
-5.372434
-5.354160
-5.314656
-5.302438
-4.992562
-4.951445
-5.166329
-5.329603
-5.126460
-5.030736
-5.009822
-4.924793
-4.636693
-4.639333
-4.305229
-4.385662
-4.516116
-4.895138
-5.357003
-5.096375
-5.096375
-4.892832
-4.982409
-4.817550
-4.817550
-5.075429
-5.263612
-5.324105
-5.166803
-5.484545
-5.226991
-5.213612
-5.542574
-5.386191
-5.365126
-4.846748
-4.685999
-4.158686
-4.249582
-4.284619
-4.727055
-4.692000
-4.370550
-4.370550
-4.389882
-4.370840
-4.418869
-4.208416
-4.195195
-3.918588
-3.879772
-3.685297
-3.705260
-3.743930
-3.474298
-3.427892
-3.469192
-3.493581
-3.836400
-3.697559
-3.729022
-3.767689
-4.013885
-3.610676
-3.610019
-3.567994
-3.497959
-3.505915
-4.303998
-4.700113
-4.561884
-4.425841
-4.427310
-4.415140
-4.483487
-4.270243
-4.463302
-4.451180
-4.623221
-4.632944
-4.730316
-4.730316
-4.733991
-4.682486
-4.667545
-4.595014
-4.848526
-5.396264
-5.606590
-5.655549
-5.665682
-5.578761
-5.422534
-5.373679
-5.397002
-5.954973
-6.117717
-6.185952
-6.186665
-5.939076
-5.935446
-5.977008
-6.156299
-5.881236
-5.946706
-5.782849
-5.291475
-5.423742
-5.083014
-4.953578
-5.035432
-4.840843
-4.945855
-4.913626
-4.883414
-5.048511
-4.956781
-4.989762
-4.725740
-4.725740
-4.616550
-4.680193
-4.671656
-4.784846
-4.760192
-4.725421
-4.725421
-4.742943
-4.686607
-4.686607
-4.603848
-4.598495
-4.598362
-4.595871
-4.595871
-4.595871
-4.670495
-4.670495
-4.670495
-4.654209
-4.747428
-4.718053
-4.730079
-4.881857
-4.781300
-5.051806
-4.880415
-4.897083
-4.942502
-4.908176
-4.871971
-4.889706
-4.808475
-4.928962
-4.876886
-4.933195
-5.198154
-5.390812
-5.444790
-6.019457
-6.019457
-5.994596
-5.831050
-5.387707
-5.367243
-5.569664
-5.549870
-5.228048
-4.971748
-5.051299
-5.463852
-5.330812
-5.119456
-5.089860
-5.188145
-4.752467
-4.843877
-5.030286
-5.031361
-5.104824
-4.783679
-4.947888
-5.000974
-5.169239
-5.293019
-5.024011
-4.991572
-5.244723
-5.588664
-5.501436
-5.532583
-5.460101
-5.388192
-5.313805
-5.330089
-5.220655
-5.023799
-4.800085
-4.724859
-4.682449
-4.799618
-4.136737
-4.501566
-4.100412
-4.123858
-4.308580
-4.300107
-4.296102
-4.263280
-4.217221
-4.226258
-4.208048
-4.009966
-3.969511
-3.802535
-3.816753
-4.628424
-4.410281
-4.399825
-4.470347
-4.784765
-4.948469
-4.902371
-4.560731
-4.561213
-4.574596
-4.547229
-4.531050
-4.367653
-4.358297
-4.364154
-4.363498
-4.340184
-4.631975
-4.874017
-5.177901
-5.144382
-5.407649
-5.348791
-5.159210
-5.115623
-5.167555
-5.045495
-5.045495
-5.059047
-5.061201
-5.403216
-5.492719
-5.556736
-5.577611
-5.577611
-5.660598
-5.660598
-5.659544
-5.672292
-5.669123
-5.683645
-5.683645
-5.690492
-5.653779
-5.515464
-5.399567
-5.438115
-5.441874
-4.995948
-5.134114
-5.134114
-5.133430
-5.133430
-5.085355
-5.085909
-5.084996
-5.090720
-5.088779
-5.073335
-5.073335
-5.250141
-5.434541
-5.306481
-5.912246
-5.444694
-5.323357
-5.357427
-5.722375
-5.676811
-5.727196
-5.549866
-5.577373
-5.566885
-5.579727
-5.555095
-5.279381
-5.052012
-4.995912
-4.880962
-4.878983
-4.866276
-4.864897
-4.962465
-4.996136
-5.081072
-5.052301
-5.015339
-5.097305
-5.097305
-4.837032
-4.731107
-4.731107
-4.736724
-4.806242
-4.891161
-4.801171
-4.791418
-4.731775
-4.707174
-4.599893
-4.603072
-4.654925
-4.536563
-4.691144
-4.553398
-4.200354
-4.205955
-4.329499
-4.364628
-4.569987
-4.519833
-4.536534
-4.536534
-4.505639
-4.535721
-4.503298
-4.568948
-4.624594
-4.643890
-4.615329
-4.610835
-4.743757
-4.744834
-4.628411
-4.628411
-4.736986
-5.023570
-4.958596
-4.982649
-4.888679
-4.628802
-4.698648
-4.698648
-4.726321
-5.266355
-4.947520
-4.959858
-4.965943
-5.404392
-5.397337
-5.347041
-5.344298
-5.361256
-5.391698
-5.395658
-5.436932
-5.962484
-5.742829
-5.582118
-5.720998
-5.691144
-5.708074
-5.909752
-5.958924
-5.860879
-5.695838
-5.649761
-5.867618
-5.830409
-5.439221
-5.342125
-5.621579
-5.866253
-5.941252
-5.946486
-5.944782
-5.973410
-6.029709
-5.967776
-5.934795
-6.242320
-6.242320
-6.170960
-6.151636
-6.148156
-6.062334
-6.154732
-6.081631
-5.958017
-5.909303
-6.175169
-6.135688
-6.043087
-6.046873
-6.028567
-6.046640
-6.051041
-6.054006
-6.056004
-6.096988
-5.902777
-5.965657
-5.966858
-6.044301
-6.063297
-6.244721
-5.725497
-5.467069
-5.544275
-5.502174
-5.329835
-5.329835
-5.253913
-5.167571
-5.160693
-5.075341
-5.074621
-5.145262
-5.230853
-5.206238
-4.992973
-5.126597
-5.007532
-5.080481
-5.115928
-5.193835
-5.195054
-5.499333
-5.381012
-5.198709
-5.367145
-5.006625
-4.948826
-5.009906
-5.476281
-5.476966
-5.586615
-5.635657
-5.609035
-5.541679
-5.472115
-5.444030
-5.449269
-5.369483
-5.386600
-5.320199
-5.200039
-5.322129
-5.571824
-5.611155
-5.630472
-5.626714
-5.675454
-5.644091
-5.560424
-5.413310
-5.092081
-5.089685
-5.087927
-5.063142
-5.035701
-5.290858
-5.360794
-5.360794
-5.183738
-5.126229
-5.274370
-5.215930
-5.271902
-5.181238
-4.930131
-4.913825
-5.507057
-5.759263
-5.764636
-5.754761
-5.728216
-5.728822
-5.518050
-5.317574
-5.356828
-5.415036
-5.511916
-5.496422
-5.519731
-5.527009
-5.900776
-5.978533
-5.804423
-6.040992
-5.732323
-5.733156
-5.254212
-5.319948
-5.598691
-5.745774
-5.715386
-5.638363
-5.959162
-5.898258
-5.788188
-5.772621
-5.988989
-5.908891
-5.933072
-6.058818
-6.034796
-5.985424
-6.016842
-5.867319
-5.772274
-5.802337
-5.488556
-5.577902
-5.611193
-5.611193
-5.072746
-4.945078
-4.976417
-4.919627
-4.911019
-4.991491
-5.042186
-4.864215
-5.052033
-4.995802
-5.050170
-5.432078
-5.410094
-5.659909
-5.579977
-5.366111
-5.258436
-5.376133
-5.379731
-5.485651
-5.119291
-4.593056
-4.682064
-4.668510
-4.695386
-4.609286
-4.633096
-4.558552
-4.558552
-4.919450
-4.977991
-4.958530
-4.850070
-4.890995
-5.015595
-4.529996
-4.463344
-4.465234
-4.373230
-3.933610
-4.447551
-4.697442
-4.998116
-4.970762
-5.014489
-4.790146
-4.789074
-4.789074
-4.983871
-5.061618
-5.062188
-4.829103
-4.893153
-4.851522
-4.534968
-4.453185
-4.707508
-4.695621
-4.831760
-4.886766
-4.833198
-4.987848
-4.761979
-4.711609
-4.711609
-4.711609
-5.149955
-5.140726
-5.052014
-5.036296
-4.612182
-4.624049
-4.756918
-4.756918
-4.723318
-4.710665
-4.709637
-4.727560
-4.727560
-4.727583
-4.865740
-4.917689
-4.916531
-4.908006
-4.908006
-4.958357
-4.902055
-4.897447
-4.799190
-4.788486
-4.894887
-4.928782
-5.125614
-5.070160
-5.126902
-5.146211
-5.177162
-5.186788
-5.199879
-5.075474
-4.983830
-4.992949
-4.992949
-5.000783
-5.185843
-5.057264
-4.979024
-5.085875
-4.985940
-4.975991
-4.975991
-4.975991
-5.009632
-5.114163
-5.040738
-4.922921
-4.976273
-4.976273
-5.010075
-5.010075
-5.002929
-5.002929
-5.002929
-4.992559
-4.984341
-5.151133
-5.165473
-5.065325
-4.916786
-5.057052
-4.877437
-4.877437
-4.794539
-4.840262
-4.749784
-4.744998
-4.744998
-4.733491
-5.293878
-5.326249
-4.874875
-5.332165
-5.340754
-5.387438
-5.373417
-5.373417
-5.503173
-5.491582
-5.504930
-5.528354
-5.055637
-4.931955
-4.813960
-4.977082
-5.190826
-5.221394
-4.887425
-4.892663
-4.995529
-5.001260
-4.778980
-4.853890
-4.820287
-4.898188
-4.885429
-4.619056
-4.630681
-4.700816
-5.490458
-5.295413
-5.791802
-5.731265
-5.774727
-5.707464
-5.694042
-5.690989
-5.520750
-5.386997
-4.402430
-4.393388
-4.098583
-4.611530
-4.819217
-4.817424
-4.810890
-4.810890
-4.962664
-4.791463
-5.407917
-5.510853
-5.569855
-5.569855
-5.545940
-5.545940
-5.547737
-5.552128
-5.556283
-5.554504
-5.433496
-5.468537
-5.468537
-5.719167
-5.742650
-5.258328
-5.247551
-5.215958
-5.207867
-5.126062
-4.878200
-4.937772
-4.951680
-4.951680
-4.891995
-5.107077
-5.235347
-5.123438
-4.522054
-4.359626
-4.137549
-4.281957
-3.793335
-3.635404
-3.640827
-3.658309
-3.620681
-3.696021
-3.689424
-4.096621
-4.245787
-3.617759
-3.617759
-3.461263
-3.468922
-3.774963
-3.822979
-3.822979
-3.605980
-3.715586
-3.724696
-3.890408
-3.920551
-3.988784
-5.127134
-5.127134
-5.127134
-5.163258
-5.138336
-5.138336
-5.005160
-5.073021
-5.340238
-5.092429
-4.572965
-4.572965
-4.807516
-4.809008
-4.705551
-4.463616
-4.306156
-4.142657
-4.490190
-4.748372
-4.786291
-5.112743
-4.802737
-4.798030
-4.763678
-4.915717
-4.908833
-4.764818
-4.852322
-4.846271
-4.756476
-4.959524
-4.896223
-5.102176
-5.094586
-5.182348
-5.424621
-5.431756
-5.461180
-5.522651
-5.476192
-5.512861
-5.637653
-5.627767
-5.652039
-5.652039
-5.726126
-5.502716
-5.686208
-5.682723
-5.648628
-5.758438
-5.699768
-5.751077
-5.747652
-5.828127
-5.506712
-5.677228
-5.405095
-5.166134
-5.097094
-5.064213
-5.069580
-4.996601
-4.992587
-4.846738
-5.182956
-5.166185
-5.164065
-5.376158
-5.346668
-4.951926
-5.174987
-5.159563
-5.287108
-5.208656
-5.208656
-5.269987
-5.577602
-5.551626
-5.468051
-5.109161
-5.119747
-5.265251
-5.294084
-5.294084
-5.253394
-5.411328
-4.163504
-4.073734
-4.104222
-4.293440
-4.389949
-4.332424
-4.560598
-4.772403
-4.215575
-3.903838
-4.175855
-4.155286
-4.381145
-4.654628
-4.531030
-4.378566
-4.378566
-4.573831
-4.536592
-4.504146
-4.510581
-4.369778
-4.524636
-4.138837
-4.090113
-3.957665
-4.583440
-4.595050
-5.198110
-5.124834
-4.411001
-4.914337
-4.966769
-4.919619
-5.311606
-5.020952
-5.044981
-5.037876
-5.048206
-5.108238
-5.164830
-4.983392
-4.952511
-4.928177
-4.845559
-4.813555
-4.814737
-4.813768
-4.895202
-4.891403
-4.924860
-5.324687
-5.282389
-5.397904
-5.642705
-5.566915
-5.460855
-5.278381
-5.278381
-5.285044
-5.398909
-5.404626
-5.405568
-5.487687
-5.624286
-5.064495
-5.366548
-5.410092
-5.331477
-5.389238
-5.566972
-5.755117
-5.755117
-5.735095
-5.735095
-5.735095
-5.725660
-5.720053
-5.712004
-5.819279
-5.701320
-5.692488
-5.827398
-5.843096
-5.719335
-5.685663
-5.571319
-5.574119
-5.553708
-5.567971
-5.564986
-5.571692
-5.059703
-5.072442
-5.201918
-5.112674
-4.855679
-5.227635
-5.349756
-5.164007
-5.241745
-5.270744
-5.103672
-5.168952
-5.233456
-5.164617
-5.238801
-5.259391
-5.213163
-5.145940
-5.120583
-5.077244
-5.076528
-5.046557
-4.907118
-5.023297
-5.144152
-5.166420
-5.172654
-5.144101
-5.009353
-4.948621
-4.829895
-4.894582
-5.208661
-5.191685
-5.167028
-5.167028
-4.732382
-4.729393
-4.844593
-4.688142
-4.535708
-4.401687
-4.328086
-4.383937
-4.397380
-4.386551
-4.570008
-4.765592
-4.870720
-4.858697
-5.096619
-5.146875
-5.371870
-5.391617
-5.287724
-5.287724
-5.689200
-5.689200
-5.655956
-5.415218
-5.309058
-5.320016
-5.127124
-4.708094
-5.070936
-5.289494
-4.795503
-4.724236
-4.941886
-5.030335
-5.172411
-5.250929
-5.250929
-5.250929
-5.228835
-5.182042
-4.966386
-4.744997
-4.744997
-4.839796
-4.801117
-4.398104
-4.411138
-4.548930
-4.592853
-4.592853
-4.666959
-4.666959
-4.649126
-4.623615
-4.551630
-4.551317
-4.532906
-4.533403
-4.537803
-4.530758
-4.558767
-4.533066
-4.521120
-4.676240
-4.618632
-4.622786
-4.622786
-4.678135
-4.372004
-4.502639
-4.542548
-4.584796
-4.613599
-4.711169
-5.016100
-4.994129
-4.951326
-4.748433
-4.741985
-4.748144
-4.724295
-4.786945
-4.741904
-4.966105
-4.961949
-5.134606
-5.466547
-5.678009
-5.773131
-5.475728
-5.439882
-5.440093
-5.556571
-5.357409
-5.357409
-5.088076
-5.085382
-4.975948
-4.790960
-5.097232
-4.962720
-5.097534
-5.152668
-5.128291
-4.997071
-5.168407
-5.332021
-5.548080
-5.486154
-5.437164
-5.370768
-5.363447
-5.334661
-5.371094
-5.298356
-5.296598
-5.269264
-5.276834
-5.117227
-5.117227
-5.117227
-5.117842
-5.157945
-5.157945
-5.158330
-5.157233
-5.157233
-5.157233
-5.156443
-5.055095
-5.007533
-5.181259
-5.174364
-5.150687
-5.124349
-5.519125
-5.425615
-5.431239
-5.563368
-5.547944
-5.493913
-5.377587
-5.363967
-5.176331
-5.182997
-4.571174
-4.830036
-4.815173
-5.061486
-4.862098
-4.872790
-4.926168
-4.976500
-4.896880
-4.896880
-4.856704
-5.119473
-5.100405
-5.115163
-4.737263
-4.675974
-4.696066
-4.659103
-4.600686
-4.385561
-4.352510
-4.731725
-4.713861
-4.780637
-4.661706
-4.616533
-4.782694
-4.646820
-4.748307
-4.723258
-4.553841
-4.801806
-4.774941
-5.002384
-4.814631
-4.638038
-4.339999
-4.342758
-4.272970
-4.312547
-4.341990
-4.546094
-4.619904
-4.613538
-4.614128
-4.441855
-4.416338
-4.416276
-4.440853
-4.440853
-4.465784
-4.461165
-4.240610
-4.388838
-4.356832
-4.448666
-4.579849
-4.707850
-4.672249
-4.370987
-4.370987
-4.415061
-4.423769
-4.434626
-4.370555
-4.369782
-4.369782
-4.372463
-4.324525
-4.426874
-4.463141
-4.270867
-4.437159
-4.243666
-4.343649
-4.297979
-4.232641
-4.527647
-4.427560
-4.645012
-4.877623
-4.763796
-4.689874
-4.594976
-4.582730
-4.653568
-4.585594
-4.627332
-4.627248
-4.626681
-4.628958
-4.583296
-4.700442
-4.631135
-4.631135
-4.790774
-4.759926
-4.764041
-4.861022
-4.813311
-4.803492
-4.803492
-4.788328
-4.788708
-4.887729
-4.839205
-4.904456
-4.887650
-4.936191
-5.267259
-5.267259
-5.322569
-5.311273
-5.312137
-5.108021
-5.094549
-5.083440
-5.000876
-5.073084
-5.195037
-5.386645
-5.612579
-5.659175
-5.849496
-5.708846
-5.275848
-5.310841
-5.227944
-5.140894
-5.156623
-5.145258
-5.117539
-5.144396
-5.189174
-5.268573
-5.407140
-5.425492
-5.389969
-5.358473
-5.456078
-4.821862
-4.821862
-4.811940
-5.041165
-5.039931
-5.029260
-5.161022
-5.155795
-5.157071
-5.321825
-5.323310
-5.323310
-5.323310
-5.323310
-5.325238
-5.325238
-5.325238
-5.328192
-5.327951
-5.122217
-4.887827
-5.004664
-5.066267
-5.097972
-5.083781
-5.546784
-5.553192
-5.385328
-5.217568
-5.008089
-5.042722
-5.033523
-4.901661
-4.880270
-4.744606
-4.886628
-4.659458
-4.659458
-4.743690
-4.874079
-4.930689
-4.498730
-4.506282
-4.586447
-4.374778
-4.402782
-4.311051
-4.312589
-4.244620
-4.165794
-4.118138
-4.133707
-4.150938
-4.099736
-3.819524
-3.901492
-3.966275
-4.992395
-5.146547
-4.985310
-4.833766
-4.979074
-5.012638
-5.014489
-5.368853
-5.222283
-5.313427
-5.158486
-5.150561
-4.644222
-4.588241
-4.686586
-4.622690
-4.510533
-4.534309
-4.514414
-4.511180
-4.502611
-4.488072
-4.444232
-4.452885
-4.529846
-4.677543
-4.941658
-5.055261
-5.104967
-5.588300
-5.667379
-5.364382
-5.350297
-5.173666
-5.169335
-5.591834
-5.665226
-5.442071
-5.060650
-4.888212
-4.953162
-5.215486
-4.751701
-4.482330
-5.021795
-5.066053
-5.079473
-5.404266
-5.441925
-5.444855
-5.492238
-5.484246
-5.479920
-5.479920
-5.444656
-5.437097
-5.437097
-5.062039
-5.149171
-5.371863
-5.400906
-5.301355
-5.301690
-5.330153
-5.329868
-5.277977
-5.094214
-5.047876
-5.395098
-5.441994
-5.457167
-5.367472
-5.553706
-5.597325
-5.544443
-5.491301
-5.396395
-5.330905
-5.398696
-5.330233
-5.026067
-5.133819
-5.040649
-4.888625
-4.888625
-5.100790
-5.034043
-4.987220
-4.442429
-4.183539
-4.126190
-4.126190
-4.533479
-4.422459
-4.441853
-4.392700
-4.393217
-4.393604
-4.393373
-4.332481
-4.333802
-4.343862
-4.443153
-4.386402
-4.394204
-4.390369
-4.709191
-4.709191
-4.589689
-4.488494
-4.514115
-4.637931
-5.205935
-5.042630
-5.197152
-5.180149
-5.346709
-5.435665
-5.281829
-5.383138
-5.347292
-5.175957
-5.233380
-5.421609
-5.029747
-5.040507
-4.651161
-4.609553
-4.480502
-4.533174
-4.532114
-4.542990
-4.487403
-4.842268
-4.829026
-5.121230
-5.199213
-4.896859
-5.179986
-5.445665
-5.408943
-5.408943
-5.339483
-5.290860
-5.371103
-5.358650
-5.389748
-5.530340
-5.617121
-5.886714
-5.688867
-5.728681
-5.728681
-5.779877
-5.829978
-5.846104
-5.408900
-5.467838
-5.563890
-5.331984
-5.421216
-5.247863
-5.188298
-4.977243
-5.272869
-5.324824
-5.772080
-5.874161
-5.785317
-5.948300
-5.760807
-5.802764
-5.411391
-5.244763
-5.306970
-5.306970
-5.298301
-5.284207
-5.273459
-5.260064
-4.989794
-4.922363
-4.922363
-5.289022
-5.226047
-5.214827
-5.137528
-5.294472
-4.996372
-4.996372
-5.039284
-5.039284
-5.121173
-5.129767
-5.044741
-5.169265
-5.189328
-5.228451
-5.236602
-5.316161
-5.539804
-5.419580
-5.414151
-5.365685
-5.275870
-5.337597
-5.336816
-5.257218
-5.237417
-5.249864
-5.263163
-5.101862
-5.158048
-5.091965
-5.093340
-5.093340
-5.093419
-5.101540
-5.102143
-5.102143
-5.104503
-5.124857
-5.124857
-5.114757
-5.059471
-5.158809
-5.150235
-5.090760
-5.002569
-4.577864
-4.587359
-4.634849
-4.667143
-4.667172
-4.674914
-4.674390
-4.844081
-4.896508
-4.926265
-4.910177
-4.953916
-4.953916
-4.953916
-4.952762
-4.952762
-4.952762
-4.957132
-5.027828
-5.034934
-5.074994
-4.991969
-4.976404
-4.976404
-4.863481
-4.863481
-4.726287
-4.498468
-4.414035
-4.414035
-4.415696
-4.385050
-4.367029
-4.469067
-4.673835
-5.188707
-5.166308
-5.142836
-5.241962
-5.102643
-5.102643
-5.302140
-5.082123
-5.097746
-5.040908
-5.040908
-4.852799
-4.837920
-4.711923
-4.389180
-4.536934
-4.522104
-4.094791
-4.328726
-4.086003
-4.467585
-4.497903
-4.841449
-4.891583
-5.730852
-5.774967
-5.538612
-5.214103
-5.126627
-5.145391
-5.101766
-4.836234
-4.959747
-4.981931
-4.909414
-4.816379
-4.801239
-3.854276
-3.823168
-4.357262
-4.413612
-4.850365
-4.824854
-4.824854
-3.596445
-4.185103
-4.195378
-3.910923
-3.903523
-3.941300
-4.005993
-3.650749
-3.650749
-3.748250
-3.752173
-3.910904
-3.740260
-3.591075
-3.943444
-3.868838
-3.868838
-3.838431
-3.859325
-4.227019
-3.824477
-3.824477
-3.722356
-3.729628
-3.780782
-3.941570
-3.860728
-3.808059
-3.951501
-3.913219
-4.205880
-4.244942
-4.407887
-4.323630
-4.352570
-4.243312
-4.248688
-4.146045
-4.146045
-4.083801
-4.284810
-4.637059
-4.602107
-4.822751
-5.348304
-5.269250
-5.181302
-5.193536
-5.059161
-5.192978
-5.321994
-5.189399
-5.217157
-5.355689
-5.560027
-5.562540
-5.591368
-5.477387
-5.405216
-5.340462
-5.074105
-5.040100
-5.779074
-5.660863
-5.671307
-5.472983
-5.625818
-5.738609
-5.596985
-5.596985
-5.578628
-5.542516
-5.533243
-5.535145
-5.476104
-5.471321
-5.617776
-6.066049
-5.463552
-5.530605
-5.413352
-5.397929
-5.083626
-5.209018
-5.303366
-5.580161
-5.552258
-5.763362
-5.677110
-5.547859
-5.466122
-5.564136
-5.785616
-6.059097
-6.454409
-6.288797
-6.288797
-5.840498
-5.949111
-5.929649
-6.000918
-5.966126
-5.987327
-5.928805
-5.981703
-5.932425
-5.933536
-5.791372
-5.869084
-5.809589
-5.775307
-5.358496
-5.324502
-5.352878
-5.209690
-5.241811
-5.275506
-4.965991
-4.977461
-4.534063
-4.556745
-4.381053
-4.351616
-4.444703
-4.270456
-4.423229
-4.532300
-5.013583
-4.993466
-4.644939
-4.660026
-4.660026
-4.615164
-4.589084
-4.560210
-4.731789
-4.815313
-4.674633
-4.653799
-4.497481
-4.561262
-4.672066
-5.035831
-5.000528
-4.975969
-5.000505
-5.081711
-5.370089
-5.386356
-5.395402
-5.325142
-5.394303
-5.340155
-5.268171
-5.292486
-5.292486
-5.301884
-5.263487
-4.914616
-4.927107
-5.089016
-5.102854
-5.053761
-5.070169
-5.056379
-4.872074
-4.734361
-5.124534
-5.499315
-5.499425
-5.499425
-5.676161
-5.517047
-5.556858
-5.517687
-5.585099
-5.568525
-5.662148
-5.588451
-5.573751
-5.585199
-5.583023
-5.579567
-5.605434
-5.834416
-5.834416
-5.586828
-5.707464
-5.833195
-5.751371
-6.094198
-6.094198
-6.093679
-5.990554
-6.017240
-6.036561
-6.036561
-6.029656
-6.029656
-6.000166
-5.986040
-5.878032
-5.878032
-5.883637
-5.946065
-6.025361
-5.662459
-5.706998
-5.708374
-5.708374
-5.398748
-5.272600
-5.334444
-5.329637
-5.716882
-5.753389
-5.736966
-5.791133
-5.730154
-5.367568
-5.300867
-5.357047
-5.328085
-5.458297
-5.461446
-5.570177
-5.559413
-5.559413
-5.557099
-5.496262
-5.512633
-5.091479
-5.132562
-5.058473
-5.201194
-5.190506
-5.189706
-5.140073
-5.238002
-5.176182
-5.146386
-5.123615
-5.114271
-5.190334
-5.251583
-5.207971
-5.167167
-5.340678
-5.117390
-5.121747
-5.027827
-5.017410
-5.028984
-4.941681
-4.992294
-5.302524
-5.412779
-5.759778
-5.802495
-5.449811
-5.467555
-5.457667
-5.489273
-5.519232
-5.729543
-5.729543
-6.023811
-6.009163
-5.863409
-5.877093
-6.339069
-6.372435
-6.510179
-6.522171
-6.539535
-6.557433
-6.437686
-6.437686
-6.489036
-6.490642
-6.440214
-6.478079
-6.478079
-6.457085
-6.083604
-5.945368
-5.906226
-5.291944
-5.300854
-5.479120
-5.381698
-5.377952
-5.381983
-5.353227
-5.326335
-4.762757
-4.762757
-5.168276
-5.089131
-5.198395
-5.171505
-5.166294
-5.166294
-5.173360
-5.057652
-4.895364
-5.043962
-4.677409
-4.702242
-3.994901
-3.847152
-4.247660
-4.150963
-4.297704
-4.277781
-4.241046
-4.270518
-4.663467
-4.662704
-4.554809
-4.054272
-4.014050
-4.014050
-3.551781
-3.793152
-3.831991
-3.736314
-3.628401
-3.654056
-3.650937
-3.619746
-4.108218
-3.981162
-3.915447
-4.021924
-3.896180
-3.725921
-4.043382
-3.832085
-3.687977
-3.919871
-3.919871
-3.907629
-3.787429
-3.896487
-3.748455
-4.088537
-4.393867
-4.350131
-4.339101
-4.315333
-4.536162
-4.771594
-4.690459
-4.737051
-4.737051
-4.698220
-4.911312
-4.915078
-4.804819
-4.593732
-4.759290
-4.756649
-4.767122
-4.726428
-4.502522
-4.456810
-4.250318
-4.389171
-4.442825
-4.382549
-4.427132
-4.411800
-4.539562
-4.539562
-4.706175
-4.808496
-4.746004
-4.779866
-4.713868
-4.777147
-4.780982
-4.831847
-4.873406
-5.092940
-5.060410
-5.072762
-5.109185
-5.082507
-5.338941
-5.790680
-5.028226
-5.041325
-5.025779
-4.657128
-4.387305
-4.456845
-4.576053
-4.640984
-4.658299
-4.721460
-4.683112
-4.523391
-4.523391
-4.887398
-4.822799
-4.818452
-4.949079
-4.980639
-4.750365
-4.871987
-4.542124
-4.698898
-5.036658
-4.738460
-5.066147
-5.306386
-5.281152
-5.281152
-5.226150
-4.722077
-4.543375
-4.356359
-4.851992
-4.856685
-4.850072
-4.733280
-4.805014
-4.995869
-4.687886
-5.010883
-5.035304
-5.023697
-5.149689
-5.132719
-5.043938
-4.426127
-4.550296
-4.479328
-4.236746
-4.314595
-4.366562
-3.990719
-4.406753
-4.230117
-4.442584
-4.302791
-4.313019
-4.337951
-5.083158
-5.083158
-5.002822
-4.639342
-4.692308
-4.765293
-4.765293
-4.812823
-4.886822
-5.001587
-4.842592
-5.183208
-4.953070
-4.839422
-4.778297
-4.778297
-4.249856
-4.627874
-4.618403
-4.662995
-4.646251
-4.646251
-4.974115
-5.127642
-5.477541
-5.669029
-5.666934
-5.530249
-5.274703
-5.335462
-5.230373
-4.993724
-4.991157
-5.014419
-5.371844
-5.364375
-5.558283
-5.561559
-5.560594
-5.560594
-5.480327
-5.498401
-5.287149
-5.287149
-5.318925
-4.930706
-4.761572
-4.728349
-4.811123
-4.815502
-4.792622
-4.685776
-4.569449
-4.475356
-4.546695
-4.615273
-4.765673
-4.414841
-4.610674
-4.712804
-4.815405
-4.815405
-4.804830
-5.012814
-4.998813
-4.971144
-4.942490
-4.841316
-5.022682
-5.120863
-5.124570
-5.094876
-5.393389
-5.054983
-5.038330
-4.791289
-4.827490
-4.930224
-4.921543
-4.927109
-5.045232
-5.054970
-5.013791
